102 5151
1 2 19
1 3 94
1 4 11
1 5 90
1 6 84
1 7 63
1 8 56
1 9 42
1 10 59
1 11 67
1 12 100
1 13 19
1 14 55
1 15 46
1 16 10
1 17 3
1 18 44
1 19 14
1 20 50
1 21 1
1 22 31
1 23 85
1 24 78
1 25 63
1 26 32
1 27 14
1 28 5
1 29 100
1 30 75
1 31 65
1 32 77
1 33 51
1 34 72
1 35 6
1 36 30
1 37 95
1 38 69
1 39 87
1 40 10
1 41 58
1 42 97
1 43 90
1 44 8
1 45 66
1 46 87
1 47 40
1 48 11
1 49 44
1 50 68
1 51 38
1 52 53
1 53 66
1 54 5
1 55 99
1 56 50
1 57 17
1 58 56
1 59 84
1 60 32
1 61 54
1 62 31
1 63 52
1 64 2
1 65 3
1 66 57
1 67 96
1 68 45
1 69 88
1 70 83
1 71 17
1 72 86
1 73 42
1 74 42
1 75 35
1 76 36
1 77 99
1 78 29
1 79 77
1 80 20
1 81 53
1 82 10
1 83 58
1 84 43
1 85 44
1 86 72
1 87 58
1 88 25
1 89 60
1 90 5
1 91 80
1 92 52
1 93 62
1 94 88
1 95 2
1 96 41
1 97 40
1 98 6
1 99 28
1 100 92
1 101 48
1 102 95
2 3 2
2 4 98
2 5 99
2 6 1
2 7 37
2 8 72
2 9 83
2 10 53
2 11 68
2 12 4
2 13 100
2 14 18
2 15 66
2 16 77
2 17 87
2 18 60
2 19 84
2 20 36
2 21 75
2 22 79
2 23 36
2 24 75
2 25 37
2 26 10
2 27 99
2 28 15
2 29 64
2 30 57
2 31 55
2 32 30
2 33 86
2 34 5
2 35 34
2 36 40
2 37 98
2 38 86
2 39 31
2 40 44
2 41 15
2 42 13
2 43 51
2 44 14
2 45 35
2 46 47
2 47 100
2 48 92
2 49 77
2 50 57
2 51 79
2 52 80
2 53 51
2 54 100
2 55 35
2 56 79
2 57 26
2 58 45
2 59 35
2 60 65
2 61 15
2 62 72
2 63 84
2 64 43
2 65 33
2 66 70
2 67 7
2 68 24
2 69 31
2 70 63
2 71 51
2 72 38
2 73 99
2 74 66
2 75 10
2 76 4
2 77 57
2 78 61
2 79 99
2 80 25
2 81 44
2 82 95
2 83 54
2 84 49
2 85 47
2 86 31
2 87 11
2 88 41
2 89 65
2 90 60
2 91 35
2 92 58
2 93 20
2 94 93
2 95 32
2 96 41
2 97 16
2 98 82
2 99 38
2 100 89
2 101 94
2 102 18
3 4 56
3 5 17
3 6 31
3 7 9
3 8 77
3 9 78
3 10 10
3 11 19
3 12 59
3 13 47
3 14 64
3 15 44
3 16 46
3 17 11
3 18 21
3 19 31
3 20 99
3 21 71
3 22 48
3 23 91
3 24 89
3 25 33
3 26 49
3 27 10
3 28 92
3 29 75
3 30 26
3 31 70
3 32 13
3 33 94
3 34 4
3 35 17
3 36 89
3 37 26
3 38 7
3 39 46
3 40 11
3 41 72
3 42 60
3 43 94
3 44 45
3 45 52
3 46 62
3 47 33
3 48 64
3 49 67
3 50 55
3 51 82
3 52 70
3 53 82
3 54 32
3 55 62
3 56 41
3 57 43
3 58 72
3 59 85
3 60 99
3 61 62
3 62 3
3 63 18
3 64 37
3 65 95
3 66 87
3 67 96
3 68 57
3 69 23
3 70 49
3 71 84
3 72 87
3 73 54
3 74 17
3 75 25
3 76 98
3 77 38
3 78 17
3 79 32
3 80 64
3 81 86
3 82 81
3 83 34
3 84 65
3 85 51
3 86 85
3 87 99
3 88 84
3 89 50
3 90 70
3 91 99
3 92 85
3 93 62
3 94 9
3 95 82
3 96 1
3 97 45
3 98 15
3 99 92
3 100 84
3 101 30
3 102 8
4 5 51
4 6 59
4 7 95
4 8 57
4 9 75
4 10 48
4 11 93
4 12 9
4 13 74
4 14 14
4 15 95
4 16 19
4 17 92
4 18 73
4 19 22
4 20 88
4 21 74
4 22 78
4 23 29
4 24 10
4 25 91
4 26 61
4 27 98
4 28 72
4 29 3
4 30 40
4 31 50
4 32 25
4 33 32
4 34 49
4 35 24
4 36 62
4 37 32
4 38 81
4 39 19
4 40 25
4 41 3
4 42 33
4 43 89
4 44 61
4 45 44
4 46 56
4 47 14
4 48 48
4 49 89
4 50 35
4 51 62
4 52 84
4 53 97
4 54 88
4 55 66
4 56 8
4 57 63
4 58 32
4 59 62
4 60 58
4 61 87
4 62 97
4 63 57
4 64 84
4 65 2
4 66 56
4 67 47
4 68 93
4 69 25
4 70 96
4 71 52
4 72 72
4 73 33
4 74 33
4 75 62
4 76 15
4 77 34
4 78 40
4 79 78
4 80 72
4 81 68
4 82 20
4 83 64
4 84 59
4 85 60
4 86 35
4 87 1
4 88 97
4 89 78
4 90 15
4 91 97
4 92 17
4 93 11
4 94 63
4 95 53
4 96 64
4 97 20
4 98 16
4 99 57
4 100 98
4 101 96
4 102 39
5 6 54
5 7 90
5 8 94
5 9 39
5 10 81
5 11 44
5 12 62
5 13 2
5 14 70
5 15 54
5 16 60
5 17 24
5 18 73
5 19 90
5 20 6
5 21 83
5 22 4
5 23 76
5 24 73
5 25 26
5 26 30
5 27 62
5 28 54
5 29 86
5 30 76
5 31 67
5 32 36
5 33 96
5 34 52
5 35 50
5 36 66
5 37 14
5 38 54
5 39 99
5 40 42
5 41 70
5 42 83
5 43 26
5 44 65
5 45 29
5 46 94
5 47 53
5 48 11
5 49 75
5 50 73
5 51 57
5 52 86
5 53 12
5 54 80
5 55 1
5 56 89
5 57 11
5 58 73
5 59 11
5 60 44
5 61 17
5 62 72
5 63 70
5 64 58
5 65 98
5 66 0
5 67 8
5 68 82
5 69 64
5 70 49
5 71 30
5 72 31
5 73 75
5 74 91
5 75 83
5 76 21
5 77 43
5 78 20
5 79 99
5 80 34
5 81 16
5 82 21
5 83 49
5 84 84
5 85 43
5 86 30
5 87 96
5 88 22
5 89 79
5 90 81
5 91 65
5 92 48
5 93 11
5 94 17
5 95 56
5 96 12
5 97 79
5 98 65
5 99 30
5 100 35
5 101 56
5 102 11
6 7 1
6 8 100
6 9 88
6 10 94
6 11 3
6 12 57
6 13 61
6 14 99
6 15 32
6 16 89
6 17 12
6 18 89
6 19 50
6 20 69
6 21 69
6 22 51
6 23 61
6 24 13
6 25 96
6 26 20
6 27 53
6 28 43
6 29 62
6 30 59
6 31 45
6 32 24
6 33 76
6 34 90
6 35 67
6 36 69
6 37 55
6 38 97
6 39 22
6 40 70
6 41 82
6 42 10
6 43 26
6 44 31
6 45 87
6 46 18
6 47 75
6 48 4
6 49 61
6 50 51
6 51 2
6 52 48
6 53 46
6 54 13
6 55 82
6 56 8
6 57 54
6 58 56
6 59 100
6 60 29
6 61 4
6 62 12
6 63 67
6 64 21
6 65 6
6 66 97
6 67 29
6 68 87
6 69 80
6 70 42
6 71 8
6 72 66
6 73 94
6 74 30
6 75 75
6 76 73
6 77 66
6 78 57
6 79 52
6 80 86
6 81 96
6 82 67
6 83 86
6 84 19
6 85 74
6 86 61
6 87 16
6 88 87
6 89 62
6 90 43
6 91 74
6 92 45
6 93 46
6 94 27
6 95 81
6 96 36
6 97 69
6 98 36
6 99 97
6 100 7
6 101 18
6 102 56
7 8 94
7 9 80
7 10 82
7 11 33
7 12 24
7 13 39
7 14 39
7 15 29
7 16 16
7 17 44
7 18 9
7 19 16
7 20 24
7 21 90
7 22 6
7 23 17
7 24 82
7 25 74
7 26 66
7 27 21
7 28 26
7 29 21
7 30 42
7 31 54
7 32 30
7 33 52
7 34 79
7 35 58
7 36 99
7 37 50
7 38 21
7 39 9
7 40 80
7 41 93
7 42 10
7 43 17
7 44 37
7 45 71
7 46 80
7 47 7
7 48 47
7 49 14
7 50 38
7 51 14
7 52 88
7 53 17
7 54 79
7 55 16
7 56 19
7 57 94
7 58 69
7 59 90
7 60 50
7 61 93
7 62 73
7 63 63
7 64 66
7 65 87
7 66 6
7 67 17
7 68 88
7 69 20
7 70 39
7 71 15
7 72 51
7 73 30
7 74 31
7 75 43
7 76 76
7 77 2
7 78 83
7 79 18
7 80 36
7 81 92
7 82 15
7 83 65
7 84 87
7 85 64
7 86 40
7 87 95
7 88 69
7 89 22
7 90 36
7 91 93
7 92 6
7 93 62
7 94 72
7 95 35
7 96 34
7 97 80
7 98 18
7 99 94
7 100 59
7 101 86
7 102 93
8 9 72
8 10 46
8 11 48
8 12 50
8 13 10
8 14 1
8 15 51
8 16 75
8 17 38
8 18 90
8 19 9
8 20 64
8 21 64
8 22 43
8 23 41
8 24 27
8 25 77
8 26 58
8 27 11
8 28 100
8 29 56
8 30 55
8 31 32
8 32 80
8 33 61
8 34 23
8 35 31
8 36 98
8 37 93
8 38 88
8 39 76
8 40 70
8 41 85
8 42 100
8 43 20
8 44 52
8 45 51
8 46 96
8 47 99
8 48 33
8 49 70
8 50 93
8 51 63
8 52 91
8 53 30
8 54 62
8 55 7
8 56 15
8 57 27
8 58 98
8 59 72
8 60 99
8 61 3
8 62 12
8 63 70
8 64 73
8 65 81
8 66 39
8 67 59
8 68 8
8 69 67
8 70 46
8 71 11
8 72 80
8 73 71
8 74 93
8 75 12
8 76 76
8 77 82
8 78 90
8 79 22
8 80 70
8 81 37
8 82 71
8 83 5
8 84 49
8 85 73
8 86 97
8 87 65
8 88 76
8 89 83
8 90 6
8 91 7
8 92 79
8 93 17
8 94 32
8 95 79
8 96 78
8 97 54
8 98 85
8 99 66
8 100 59
8 101 100
8 102 56
9 10 96
9 11 4
9 12 88
9 13 72
9 14 72
9 15 59
9 16 28
9 17 94
9 18 56
9 19 57
9 20 28
9 21 77
9 22 74
9 23 76
9 24 19
9 25 39
9 26 30
9 27 40
9 28 72
9 29 19
9 30 50
9 31 91
9 32 3
9 33 54
9 34 8
9 35 27
9 36 21
9 37 16
9 38 81
9 39 29
9 40 62
9 41 4
9 42 3
9 43 66
9 44 15
9 45 22
9 46 44
9 47 84
9 48 55
9 49 22
9 50 21
9 51 13
9 52 52
9 53 33
9 54 46
9 55 72
9 56 54
9 57 35
9 58 50
9 59 14
9 60 53
9 61 22
9 62 14
9 63 38
9 64 100
9 65 33
9 66 67
9 67 70
9 68 32
9 69 65
9 70 81
9 71 43
9 72 51
9 73 63
9 74 87
9 75 0
9 76 25
9 77 86
9 78 76
9 79 6
9 80 38
9 81 3
9 82 41
9 83 9
9 84 7
9 85 19
9 86 67
9 87 60
9 88 38
9 89 57
9 90 98
9 91 32
9 92 95
9 93 23
9 94 50
9 95 73
9 96 36
9 97 26
9 98 90
9 99 79
9 100 1
9 101 51
9 102 48
10 11 79
10 12 9
10 13 98
10 14 46
10 15 9
10 16 26
10 17 22
10 18 35
10 19 42
10 20 63
10 21 66
10 22 92
10 23 14
10 24 16
10 25 24
10 26 31
10 27 30
10 28 33
10 29 29
10 30 63
10 31 95
10 32 85
10 33 73
10 34 17
10 35 86
10 36 61
10 37 6
10 38 61
10 39 78
10 40 6
10 41 90
10 42 98
10 43 15
10 44 52
10 45 94
10 46 92
10 47 8
10 48 50
10 49 12
10 50 96
10 51 69
10 52 22
10 53 65
10 54 54
10 55 50
10 56 42
10 57 2
10 58 9
10 59 7
10 60 13
10 61 69
10 62 92
10 63 25
10 64 2
10 65 20
10 66 35
10 67 91
10 68 75
10 69 90
10 70 57
10 71 10
10 72 95
10 73 82
10 74 77
10 75 10
10 76 89
10 77 36
10 78 79
10 79 7
10 80 89
10 81 88
10 82 15
10 83 93
10 84 40
10 85 74
10 86 61
10 87 61
10 88 64
10 89 60
10 90 3
10 91 2
10 92 37
10 93 88
10 94 94
10 95 10
10 96 12
10 97 64
10 98 87
10 99 48
10 100 85
10 101 10
10 102 86
11 12 92
11 13 64
11 14 40
11 15 53
11 16 93
11 17 62
11 18 10
11 19 94
11 20 73
11 21 54
11 22 1
11 23 81
11 24 28
11 25 63
11 26 49
11 27 88
11 28 5
11 29 18
11 30 27
11 31 78
11 32 30
11 33 19
11 34 5
11 35 74
11 36 85
11 37 54
11 38 70
11 39 83
11 40 55
11 41 45
11 42 86
11 43 2
11 44 28
11 45 96
11 46 34
11 47 3
11 48 46
11 49 23
11 50 13
11 51 84
11 52 34
11 53 9
11 54 89
11 55 67
11 56 32
11 57 11
11 58 50
11 59 1
11 60 28
11 61 10
11 62 74
11 63 84
11 64 66
11 65 3
11 66 4
11 67 93
11 68 25
11 69 40
11 70 93
11 71 45
11 72 93
11 73 30
11 74 67
11 75 71
11 76 41
11 77 7
11 78 81
11 79 20
11 80 41
11 81 80
11 82 62
11 83 91
11 84 57
11 85 35
11 86 47
11 87 64
11 88 2
11 89 15
11 90 31
11 91 74
11 92 32
11 93 67
11 94 82
11 95 7
11 96 0
11 97 96
11 98 14
11 99 22
11 100 87
11 101 72
11 102 3
12 13 83
12 14 74
12 15 16
12 16 16
12 17 75
12 18 98
12 19 47
12 20 72
12 21 38
12 22 19
12 23 15
12 24 92
12 25 0
12 26 99
12 27 8
12 28 41
12 29 91
12 30 27
12 31 47
12 32 0
12 33 94
12 34 67
12 35 50
12 36 82
12 37 21
12 38 25
12 39 74
12 40 52
12 41 78
12 42 36
12 43 60
12 44 24
12 45 75
12 46 50
12 47 13
12 48 50
12 49 17
12 50 71
12 51 33
12 52 53
12 53 36
12 54 2
12 55 31
12 56 76
12 57 21
12 58 85
12 59 64
12 60 10
12 61 68
12 62 79
12 63 35
12 64 36
12 65 2
12 66 10
12 67 20
12 68 46
12 69 40
12 70 40
12 71 76
12 72 37
12 73 72
12 74 14
12 75 30
12 76 26
12 77 94
12 78 16
12 79 74
12 80 25
12 81 52
12 82 100
12 83 78
12 84 87
12 85 10
12 86 18
12 87 57
12 88 61
12 89 55
12 90 39
12 91 3
12 92 88
12 93 19
12 94 26
12 95 74
12 96 79
12 97 14
12 98 86
12 99 57
12 100 85
12 101 56
12 102 61
13 14 91
13 15 77
13 16 57
13 17 23
13 18 26
13 19 70
13 20 55
13 21 83
13 22 22
13 23 69
13 24 39
13 25 35
13 26 9
13 27 53
13 28 93
13 29 34
13 30 54
13 31 88
13 32 34
13 33 19
13 34 84
13 35 9
13 36 75
13 37 83
13 38 94
13 39 62
13 40 42
13 41 83
13 42 72
13 43 39
13 44 77
13 45 35
13 46 16
13 47 100
13 48 56
13 49 41
13 50 83
13 51 67
13 52 73
13 53 55
13 54 58
13 55 86
13 56 13
13 57 39
13 58 37
13 59 92
13 60 89
13 61 7
13 62 75
13 63 47
13 64 1
13 65 25
13 66 94
13 67 63
13 68 20
13 69 48
13 70 37
13 71 0
13 72 82
13 73 6
13 74 68
13 75 52
13 76 43
13 77 51
13 78 71
13 79 41
13 80 66
13 81 97
13 82 21
13 83 66
13 84 16
13 85 85
13 86 94
13 87 41
13 88 86
13 89 46
13 90 83
13 91 27
13 92 33
13 93 41
13 94 40
13 95 60
13 96 92
13 97 75
13 98 65
13 99 81
13 100 42
13 101 34
13 102 23
14 15 24
14 16 55
14 17 0
14 18 93
14 19 79
14 20 81
14 21 88
14 22 79
14 23 11
14 24 76
14 25 46
14 26 85
14 27 54
14 28 4
14 29 41
14 30 98
14 31 22
14 32 87
14 33 11
14 34 52
14 35 43
14 36 13
14 37 66
14 38 36
14 39 84
14 40 6
14 41 27
14 42 6
14 43 88
14 44 62
14 45 96
14 46 71
14 47 50
14 48 73
14 49 61
14 50 93
14 51 1
14 52 58
14 53 62
14 54 26
14 55 62
14 56 22
14 57 45
14 58 44
14 59 84
14 60 22
14 61 14
14 62 47
14 63 84
14 64 53
14 65 41
14 66 10
14 67 20
14 68 33
14 69 30
14 70 41
14 71 66
14 72 83
14 73 81
14 74 58
14 75 58
14 76 14
14 77 84
14 78 8
14 79 4
14 80 49
14 81 59
14 82 3
14 83 84
14 84 14
14 85 1
14 86 33
14 87 6
14 88 22
14 89 14
14 90 93
14 91 68
14 92 56
14 93 94
14 94 89
14 95 37
14 96 3
14 97 11
14 98 70
14 99 96
14 100 35
14 101 23
14 102 79
15 16 48
15 17 95
15 18 44
15 19 44
15 20 3
15 21 1
15 22 73
15 23 86
15 24 69
15 25 19
15 26 65
15 27 60
15 28 94
15 29 91
15 30 6
15 31 95
15 32 30
15 33 51
15 34 7
15 35 88
15 36 12
15 37 44
15 38 12
15 39 5
15 40 71
15 41 98
15 42 82
15 43 49
15 44 96
15 45 6
15 46 55
15 47 68
15 48 94
15 49 30
15 50 91
15 51 34
15 52 53
15 53 91
15 54 29
15 55 10
15 56 88
15 57 4
15 58 6
15 59 37
15 60 31
15 61 73
15 62 18
15 63 3
15 64 32
15 65 34
15 66 2
15 67 8
15 68 82
15 69 0
15 70 78
15 71 32
15 72 17
15 73 94
15 74 40
15 75 50
15 76 65
15 77 27
15 78 35
15 79 84
15 80 30
15 81 58
15 82 55
15 83 36
15 84 47
15 85 52
15 86 25
15 87 39
15 88 58
15 89 23
15 90 33
15 91 68
15 92 80
15 93 100
15 94 50
15 95 99
15 96 86
15 97 75
15 98 32
15 99 91
15 100 94
15 101 85
15 102 56
16 17 2
16 18 63
16 19 24
16 20 28
16 21 22
16 22 14
16 23 19
16 24 95
16 25 14
16 26 13
16 27 54
16 28 65
16 29 56
16 30 57
16 31 72
16 32 2
16 33 98
16 34 15
16 35 54
16 36 67
16 37 94
16 38 76
16 39 31
16 40 95
16 41 73
16 42 18
16 43 11
16 44 90
16 45 21
16 46 21
16 47 77
16 48 93
16 49 94
16 50 41
16 51 52
16 52 95
16 53 14
16 54 49
16 55 57
16 56 9
16 57 28
16 58 37
16 59 68
16 60 56
16 61 82
16 62 13
16 63 62
16 64 50
16 65 34
16 66 38
16 67 32
16 68 29
16 69 36
16 70 65
16 71 73
16 72 55
16 73 29
16 74 7
16 75 25
16 76 14
16 77 88
16 78 30
16 79 68
16 80 75
16 81 56
16 82 66
16 83 73
16 84 55
16 85 63
16 86 82
16 87 81
16 88 22
16 89 77
16 90 34
16 91 40
16 92 86
16 93 51
16 94 58
16 95 91
16 96 13
16 97 36
16 98 63
16 99 67
16 100 82
16 101 44
16 102 17
17 18 81
17 19 72
17 20 56
17 21 52
17 22 22
17 23 78
17 24 37
17 25 85
17 26 13
17 27 88
17 28 95
17 29 35
17 30 39
17 31 90
17 32 57
17 33 92
17 34 1
17 35 24
17 36 38
17 37 3
17 38 73
17 39 19
17 40 44
17 41 65
17 42 23
17 43 74
17 44 82
17 45 39
17 46 7
17 47 18
17 48 76
17 49 21
17 50 63
17 51 83
17 52 56
17 53 26
17 54 12
17 55 35
17 56 53
17 57 11
17 58 89
17 59 48
17 60 32
17 61 79
17 62 26
17 63 100
17 64 35
17 65 23
17 66 5
17 67 7
17 68 62
17 69 14
17 70 85
17 71 3
17 72 3
17 73 89
17 74 23
17 75 57
17 76 86
17 77 19
17 78 17
17 79 51
17 80 14
17 81 10
17 82 33
17 83 87
17 84 53
17 85 89
17 86 2
17 87 17
17 88 52
17 89 11
17 90 66
17 91 5
17 92 91
17 93 20
17 94 89
17 95 19
17 96 34
17 97 55
17 98 88
17 99 98
17 100 98
17 101 19
17 102 34
18 19 28
18 20 54
18 21 93
18 22 77
18 23 42
18 24 9
18 25 22
18 26 13
18 27 5
18 28 92
18 29 86
18 30 78
18 31 68
18 32 59
18 33 55
18 34 23
18 35 8
18 36 64
18 37 90
18 38 87
18 39 3
18 40 31
18 41 94
18 42 11
18 43 86
18 44 86
18 45 18
18 46 41
18 47 13
18 48 5
18 49 44
18 50 3
18 51 23
18 52 39
18 53 29
18 54 85
18 55 23
18 56 54
18 57 51
18 58 89
18 59 3
18 60 87
18 61 100
18 62 58
18 63 86
18 64 33
18 65 33
18 66 65
18 67 44
18 68 6
18 69 43
18 70 43
18 71 88
18 72 87
18 73 81
18 74 97
18 75 0
18 76 18
18 77 39
18 78 44
18 79 63
18 80 64
18 81 38
18 82 83
18 83 67
18 84 5
18 85 51
18 86 68
18 87 83
18 88 90
18 89 77
18 90 63
18 91 37
18 92 64
18 93 12
18 94 1
18 95 20
18 96 75
18 97 11
18 98 14
18 99 0
18 100 95
18 101 54
18 102 95
19 20 69
19 21 85
19 22 30
19 23 21
19 24 81
19 25 58
19 26 18
19 27 77
19 28 82
19 29 21
19 30 66
19 31 69
19 32 62
19 33 45
19 34 93
19 35 1
19 36 7
19 37 1
19 38 62
19 39 30
19 40 31
19 41 48
19 42 0
19 43 63
19 44 22
19 45 95
19 46 66
19 47 56
19 48 93
19 49 98
19 50 27
19 51 47
19 52 54
19 53 13
19 54 4
19 55 32
19 56 100
19 57 42
19 58 68
19 59 54
19 60 7
19 61 62
19 62 77
19 63 95
19 64 26
19 65 53
19 66 40
19 67 54
19 68 14
19 69 83
19 70 34
19 71 88
19 72 75
19 73 2
19 74 75
19 75 1
19 76 94
19 77 55
19 78 31
19 79 86
19 80 85
19 81 31
19 82 89
19 83 1
19 84 61
19 85 15
19 86 9
19 87 42
19 88 62
19 89 63
19 90 49
19 91 33
19 92 10
19 93 41
19 94 72
19 95 26
19 96 0
19 97 30
19 98 70
19 99 93
19 100 75
19 101 33
19 102 65
20 21 82
20 22 79
20 23 32
20 24 93
20 25 21
20 26 62
20 27 89
20 28 98
20 29 54
20 30 96
20 31 62
20 32 88
20 33 65
20 34 31
20 35 24
20 36 34
20 37 87
20 38 22
20 39 14
20 40 58
20 41 46
20 42 1
20 43 70
20 44 66
20 45 50
20 46 13
20 47 84
20 48 69
20 49 79
20 50 58
20 51 7
20 52 43
20 53 54
20 54 49
20 55 63
20 56 23
20 57 63
20 58 39
20 59 29
20 60 90
20 61 85
20 62 92
20 63 93
20 64 85
20 65 4
20 66 71
20 67 71
20 68 7
20 69 56
20 70 75
20 71 41
20 72 65
20 73 43
20 74 73
20 75 79
20 76 36
20 77 59
20 78 59
20 79 83
20 80 94
20 81 94
20 82 1
20 83 5
20 84 96
20 85 47
20 86 83
20 87 4
20 88 75
20 89 38
20 90 48
20 91 61
20 92 44
20 93 3
20 94 68
20 95 8
20 96 73
20 97 0
20 98 37
20 99 18
20 100 22
20 101 2
20 102 16
21 22 32
21 23 43
21 24 71
21 25 78
21 26 92
21 27 62
21 28 31
21 29 64
21 30 69
21 31 7
21 32 92
21 33 55
21 34 23
21 35 28
21 36 54
21 37 36
21 38 2
21 39 84
21 40 35
21 41 9
21 42 28
21 43 91
21 44 92
21 45 36
21 46 42
21 47 98
21 48 66
21 49 34
21 50 85
21 51 69
21 52 25
21 53 91
21 54 27
21 55 75
21 56 65
21 57 40
21 58 95
21 59 92
21 60 40
21 61 19
21 62 90
21 63 96
21 64 77
21 65 88
21 66 96
21 67 59
21 68 78
21 69 79
21 70 48
21 71 4
21 72 68
21 73 25
21 74 16
21 75 65
21 76 74
21 77 93
21 78 97
21 79 83
21 80 67
21 81 32
21 82 12
21 83 10
21 84 87
21 85 90
21 86 93
21 87 13
21 88 45
21 89 14
21 90 98
21 91 51
21 92 10
21 93 41
21 94 58
21 95 40
21 96 26
21 97 20
21 98 13
21 99 32
21 100 42
21 101 60
21 102 20
22 23 49
22 24 22
22 25 17
22 26 99
22 27 78
22 28 20
22 29 4
22 30 78
22 31 35
22 32 76
22 33 90
22 34 87
22 35 14
22 36 97
22 37 18
22 38 93
22 39 31
22 40 17
22 41 8
22 42 39
22 43 94
22 44 91
22 45 28
22 46 3
22 47 55
22 48 35
22 49 25
22 50 44
22 51 84
22 52 82
22 53 88
22 54 46
22 55 79
22 56 47
22 57 78
22 58 32
22 59 22
22 60 23
22 61 50
22 62 94
22 63 36
22 64 54
22 65 81
22 66 88
22 67 28
22 68 29
22 69 76
22 70 93
22 71 19
22 72 84
22 73 41
22 74 74
22 75 26
22 76 56
22 77 16
22 78 87
22 79 35
22 80 33
22 81 58
22 82 54
22 83 23
22 84 9
22 85 50
22 86 9
22 87 87
22 88 62
22 89 78
22 90 35
22 91 5
22 92 9
22 93 94
22 94 30
22 95 76
22 96 46
22 97 64
22 98 1
22 99 20
22 100 38
22 101 58
22 102 7
23 24 18
23 25 71
23 26 47
23 27 23
23 28 65
23 29 90
23 30 16
23 31 53
23 32 52
23 33 12
23 34 2
23 35 81
23 36 81
23 37 56
23 38 29
23 39 89
23 40 13
23 41 75
23 42 94
23 43 61
23 44 88
23 45 100
23 46 20
23 47 5
23 48 73
23 49 72
23 50 31
23 51 71
23 52 66
23 53 49
23 54 64
23 55 40
23 56 95
23 57 36
23 58 9
23 59 77
23 60 55
23 61 33
23 62 39
23 63 90
23 64 51
23 65 78
23 66 18
23 67 11
23 68 76
23 69 87
23 70 66
23 71 18
23 72 89
23 73 53
23 74 80
23 75 3
23 76 6
23 77 94
23 78 97
23 79 34
23 80 38
23 81 67
23 82 28
23 83 70
23 84 94
23 85 42
23 86 55
23 87 79
23 88 80
23 89 1
23 90 28
23 91 13
23 92 76
23 93 21
23 94 77
23 95 48
23 96 88
23 97 1
23 98 78
23 99 84
23 100 78
23 101 50
23 102 97
24 25 78
24 26 92
24 27 82
24 28 1
24 29 20
24 30 17
24 31 42
24 32 3
24 33 94
24 34 40
24 35 97
24 36 69
24 37 24
24 38 82
24 39 37
24 40 45
24 41 19
24 42 4
24 43 33
24 44 98
24 45 80
24 46 32
24 47 65
24 48 90
24 49 91
24 50 7
24 51 77
24 52 38
24 53 49
24 54 76
24 55 18
24 56 6
24 57 11
24 58 37
24 59 95
24 60 69
24 61 13
24 62 90
24 63 8
24 64 88
24 65 35
24 66 30
24 67 40
24 68 73
24 69 86
24 70 24
24 71 2
24 72 59
24 73 68
24 74 16
24 75 80
24 76 35
24 77 82
24 78 2
24 79 0
24 80 9
24 81 21
24 82 31
24 83 11
24 84 72
24 85 2
24 86 34
24 87 70
24 88 59
24 89 15
24 90 17
24 91 34
24 92 41
24 93 51
24 94 41
24 95 11
24 96 23
24 97 42
24 98 78
24 99 76
24 100 82
24 101 10
24 102 34
25 26 94
25 27 12
25 28 49
25 29 17
25 30 15
25 31 100
25 32 7
25 33 45
25 34 6
25 35 29
25 36 20
25 37 95
25 38 70
25 39 40
25 40 96
25 41 14
25 42 38
25 43 89
25 44 43
25 45 17
25 46 66
25 47 1
25 48 5
25 49 9
25 50 8
25 51 69
25 52 90
25 53 59
25 54 38
25 55 12
25 56 64
25 57 93
25 58 17
25 59 57
25 60 51
25 61 54
25 62 79
25 63 54
25 64 60
25 65 51
25 66 43
25 67 4
25 68 90
25 69 45
25 70 6
25 71 98
25 72 14
25 73 11
25 74 0
25 75 56
25 76 4
25 77 23
25 78 47
25 79 69
25 80 80
25 81 82
25 82 58
25 83 64
25 84 49
25 85 98
25 86 15
25 87 32
25 88 53
25 89 69
25 90 37
25 91 63
25 92 76
25 93 87
25 94 19
25 95 37
25 96 62
25 97 12
25 98 22
25 99 61
25 100 10
25 101 50
25 102 68
26 27 43
26 28 13
26 29 38
26 30 87
26 31 73
26 32 77
26 33 93
26 34 22
26 35 43
26 36 83
26 37 62
26 38 93
26 39 59
26 40 85
26 41 99
26 42 48
26 43 1
26 44 0
26 45 16
26 46 45
26 47 21
26 48 70
26 49 22
26 50 2
26 51 16
26 52 39
26 53 65
26 54 64
26 55 55
26 56 54
26 57 10
26 58 7
26 59 26
26 60 25
26 61 6
26 62 65
26 63 18
26 64 3
26 65 49
26 66 68
26 67 11
26 68 24
26 69 57
26 70 3
26 71 57
26 72 88
26 73 88
26 74 74
26 75 99
26 76 65
26 77 49
26 78 83
26 79 80
26 80 59
26 81 24
26 82 32
26 83 52
26 84 83
26 85 10
26 86 77
26 87 25
26 88 41
26 89 40
26 90 34
26 91 45
26 92 6
26 93 93
26 94 49
26 95 21
26 96 45
26 97 85
26 98 21
26 99 97
26 100 8
26 101 77
26 102 16
27 28 97
27 29 65
27 30 37
27 31 95
27 32 41
27 33 80
27 34 35
27 35 6
27 36 62
27 37 83
27 38 18
27 39 60
27 40 85
27 41 40
27 42 44
27 43 91
27 44 95
27 45 6
27 46 10
27 47 16
27 48 59
27 49 53
27 50 66
27 51 68
27 52 100
27 53 66
27 54 12
27 55 32
27 56 78
27 57 16
27 58 96
27 59 41
27 60 11
27 61 85
27 62 59
27 63 95
27 64 87
27 65 64
27 66 60
27 67 31
27 68 14
27 69 12
27 70 28
27 71 49
27 72 37
27 73 29
27 74 97
27 75 16
27 76 29
27 77 100
27 78 39
27 79 32
27 80 76
27 81 52
27 82 15
27 83 24
27 84 94
27 85 19
27 86 62
27 87 8
27 88 71
27 89 70
27 90 19
27 91 53
27 92 12
27 93 22
27 94 84
27 95 47
27 96 71
27 97 35
27 98 65
27 99 8
27 100 37
27 101 43
27 102 89
28 29 77
28 30 65
28 31 37
28 32 24
28 33 38
28 34 93
28 35 32
28 36 30
28 37 52
28 38 52
28 39 94
28 40 75
28 41 82
28 42 51
28 43 54
28 44 71
28 45 67
28 46 70
28 47 27
28 48 98
28 49 21
28 50 14
28 51 91
28 52 11
28 53 28
28 54 94
28 55 23
28 56 97
28 57 56
28 58 19
28 59 16
28 60 30
28 61 39
28 62 8
28 63 73
28 64 67
28 65 8
28 66 10
28 67 46
28 68 9
28 69 51
28 70 14
28 71 66
28 72 74
28 73 35
28 74 42
28 75 69
28 76 73
28 77 51
28 78 95
28 79 94
28 80 33
28 81 59
28 82 54
28 83 4
28 84 55
28 85 54
28 86 23
28 87 36
28 88 62
28 89 69
28 90 74
28 91 40
28 92 38
28 93 2
28 94 82
28 95 59
28 96 21
28 97 58
28 98 68
28 99 70
28 100 76
28 101 76
28 102 84
29 30 81
29 31 97
29 32 56
29 33 23
29 34 44
29 35 13
29 36 72
29 37 96
29 38 72
29 39 23
29 40 43
29 41 64
29 42 91
29 43 36
29 44 61
29 45 100
29 46 30
29 47 81
29 48 90
29 49 79
29 50 97
29 51 28
29 52 64
29 53 98
29 54 3
29 55 12
29 56 86
29 57 70
29 58 94
29 59 89
29 60 34
29 61 12
29 62 59
29 63 69
29 64 74
29 65 84
29 66 25
29 67 79
29 68 81
29 69 90
29 70 9
29 71 77
29 72 71
29 73 11
29 74 32
29 75 45
29 76 22
29 77 30
29 78 51
29 79 69
29 80 72
29 81 15
29 82 78
29 83 6
29 84 84
29 85 74
29 86 18
29 87 5
29 88 29
29 89 72
29 90 75
29 91 85
29 92 39
29 93 13
29 94 98
29 95 25
29 96 73
29 97 58
29 98 57
29 99 32
29 100 24
29 101 44
29 102 64
30 31 67
30 32 91
30 33 61
30 34 66
30 35 53
30 36 51
30 37 79
30 38 67
30 39 81
30 40 72
30 41 95
30 42 37
30 43 56
30 44 24
30 45 73
30 46 48
30 47 80
30 48 48
30 49 36
30 50 22
30 51 78
30 52 62
30 53 39
30 54 58
30 55 82
30 56 75
30 57 55
30 58 63
30 59 49
30 60 33
30 61 25
30 62 98
30 63 9
30 64 29
30 65 74
30 66 36
30 67 9
30 68 27
30 69 24
30 70 4
30 71 91
30 72 13
30 73 20
30 74 17
30 75 43
30 76 33
30 77 36
30 78 100
30 79 30
30 80 51
30 81 87
30 82 38
30 83 38
30 84 51
30 85 90
30 86 32
30 87 93
30 88 45
30 89 71
30 90 8
30 91 25
30 92 48
30 93 98
30 94 5
30 95 5
30 96 34
30 97 5
30 98 7
30 99 38
30 100 22
30 101 98
30 102 13
31 32 83
31 33 97
31 34 16
31 35 99
31 36 61
31 37 39
31 38 69
31 39 98
31 40 5
31 41 35
31 42 83
31 43 48
31 44 34
31 45 19
31 46 89
31 47 88
31 48 48
31 49 96
31 50 59
31 51 8
31 52 96
31 53 68
31 54 0
31 55 67
31 56 87
31 57 51
31 58 3
31 59 69
31 60 100
31 61 26
31 62 99
31 63 8
31 64 70
31 65 54
31 66 20
31 67 79
31 68 8
31 69 88
31 70 39
31 71 64
31 72 40
31 73 95
31 74 31
31 75 80
31 76 19
31 77 26
31 78 57
31 79 0
31 80 71
31 81 60
31 82 72
31 83 79
31 84 100
31 85 11
31 86 35
31 87 2
31 88 68
31 89 0
31 90 5
31 91 35
31 92 52
31 93 25
31 94 29
31 95 4
31 96 43
31 97 97
31 98 0
31 99 18
31 100 12
31 101 59
31 102 57
32 33 15
32 34 72
32 35 68
32 36 66
32 37 96
32 38 80
32 39 100
32 40 40
32 41 47
32 42 63
32 43 88
32 44 3
32 45 33
32 46 67
32 47 71
32 48 86
32 49 52
32 50 13
32 51 29
32 52 22
32 53 79
32 54 55
32 55 43
32 56 72
32 57 3
32 58 49
32 59 5
32 60 58
32 61 51
32 62 67
32 63 51
32 64 81
32 65 78
32 66 76
32 67 59
32 68 47
32 69 97
32 70 60
32 71 99
32 72 50
32 73 22
32 74 74
32 75 93
32 76 59
32 77 60
32 78 45
32 79 76
32 80 73
32 81 63
32 82 87
32 83 51
32 84 61
32 85 47
32 86 0
32 87 75
32 88 11
32 89 78
32 90 45
32 91 70
32 92 74
32 93 76
32 94 42
32 95 81
32 96 39
32 97 78
32 98 46
32 99 60
32 100 7
32 101 70
32 102 94
33 34 5
33 35 71
33 36 25
33 37 4
33 38 22
33 39 37
33 40 64
33 41 5
33 42 15
33 43 11
33 44 53
33 45 68
33 46 74
33 47 73
33 48 14
33 49 2
33 50 3
33 51 44
33 52 56
33 53 98
33 54 74
33 55 56
33 56 92
33 57 25
33 58 59
33 59 15
33 60 60
33 61 23
33 62 95
33 63 49
33 64 92
33 65 22
33 66 42
33 67 68
33 68 97
33 69 26
33 70 71
33 71 38
33 72 57
33 73 78
33 74 38
33 75 7
33 76 50
33 77 8
33 78 5
33 79 50
33 80 44
33 81 85
33 82 25
33 83 81
33 84 68
33 85 2
33 86 74
33 87 56
33 88 16
33 89 92
33 90 46
33 91 10
33 92 70
33 93 100
33 94 14
33 95 37
33 96 2
33 97 80
33 98 20
33 99 15
33 100 72
33 101 9
33 102 74
34 35 42
34 36 6
34 37 89
34 38 80
34 39 18
34 40 27
34 41 43
34 42 17
34 43 12
34 44 79
34 45 31
34 46 20
34 47 8
34 48 62
34 49 80
34 50 53
34 51 0
34 52 91
34 53 49
34 54 40
34 55 25
34 56 26
34 57 13
34 58 94
34 59 67
34 60 38
34 61 58
34 62 57
34 63 19
34 64 90
34 65 99
34 66 97
34 67 87
34 68 74
34 69 56
34 70 23
34 71 83
34 72 41
34 73 63
34 74 15
34 75 97
34 76 0
34 77 1
34 78 94
34 79 1
34 80 5
34 81 62
34 82 91
34 83 48
34 84 42
34 85 16
34 86 67
34 87 99
34 88 54
34 89 90
34 90 2
34 91 22
34 92 66
34 93 75
34 94 97
34 95 69
34 96 98
34 97 88
34 98 47
34 99 38
34 100 45
34 101 86
34 102 60
35 36 68
35 37 12
35 38 2
35 39 87
35 40 58
35 41 61
35 42 72
35 43 22
35 44 27
35 45 7
35 46 44
35 47 11
35 48 88
35 49 20
35 50 97
35 51 69
35 52 96
35 53 44
35 54 30
35 55 32
35 56 63
35 57 64
35 58 81
35 59 6
35 60 43
35 61 4
35 62 30
35 63 73
35 64 81
35 65 66
35 66 74
35 67 17
35 68 57
35 69 95
35 70 40
35 71 49
35 72 72
35 73 85
35 74 23
35 75 43
35 76 45
35 77 61
35 78 56
35 79 52
35 80 9
35 81 4
35 82 83
35 83 10
35 84 100
35 85 11
35 86 64
35 87 100
35 88 86
35 89 34
35 90 47
35 91 45
35 92 29
35 93 68
35 94 12
35 95 74
35 96 6
35 97 90
35 98 35
35 99 12
35 100 62
35 101 63
35 102 12
36 37 65
36 38 97
36 39 81
36 40 70
36 41 26
36 42 11
36 43 12
36 44 80
36 45 32
36 46 75
36 47 58
36 48 63
36 49 34
36 50 27
36 51 52
36 52 27
36 53 90
36 54 39
36 55 46
36 56 30
36 57 21
36 58 7
36 59 38
36 60 0
36 61 55
36 62 42
36 63 12
36 64 89
36 65 79
36 66 36
36 67 67
36 68 84
36 69 26
36 70 23
36 71 79
36 72 51
36 73 96
36 74 56
36 75 79
36 76 11
36 77 17
36 78 85
36 79 16
36 80 1
36 81 18
36 82 63
36 83 49
36 84 80
36 85 68
36 86 83
36 87 91
36 88 6
36 89 7
36 90 31
36 91 73
36 92 11
36 93 2
36 94 65
36 95 20
36 96 32
36 97 26
36 98 91
36 99 91
36 100 72
36 101 54
36 102 21
37 38 55
37 39 17
37 40 4
37 41 84
37 42 0
37 43 36
37 44 24
37 45 87
37 46 51
37 47 56
37 48 14
37 49 76
37 50 50
37 51 49
37 52 59
37 53 59
37 54 66
37 55 71
37 56 70
37 57 54
37 58 39
37 59 22
37 60 28
37 61 1
37 62 79
37 63 21
37 64 9
37 65 47
37 66 69
37 67 28
37 68 34
37 69 37
37 70 76
37 71 46
37 72 59
37 73 84
37 74 8
37 75 27
37 76 18
37 77 57
37 78 22
37 79 80
37 80 71
37 81 97
37 82 31
37 83 65
37 84 42
37 85 43
37 86 44
37 87 50
37 88 60
37 89 13
37 90 15
37 91 75
37 92 45
37 93 26
37 94 84
37 95 49
37 96 9
37 97 83
37 98 60
37 99 29
37 100 66
37 101 43
37 102 92
38 39 65
38 40 70
38 41 5
38 42 48
38 43 46
38 44 10
38 45 29
38 46 86
38 47 60
38 48 50
38 49 28
38 50 78
38 51 97
38 52 73
38 53 68
38 54 40
38 55 23
38 56 36
38 57 89
38 58 89
38 59 10
38 60 60
38 61 89
38 62 55
38 63 50
38 64 53
38 65 54
38 66 71
38 67 91
38 68 66
38 69 78
38 70 98
38 71 63
38 72 67
38 73 37
38 74 77
38 75 6
38 76 29
38 77 51
38 78 34
38 79 55
38 80 88
38 81 51
38 82 36
38 83 77
38 84 7
38 85 56
38 86 92
38 87 55
38 88 84
38 89 100
38 90 65
38 91 13
38 92 1
38 93 70
38 94 20
38 95 87
38 96 97
38 97 10
38 98 95
38 99 60
38 100 9
38 101 6
38 102 86
39 40 99
39 41 49
39 42 25
39 43 91
39 44 77
39 45 3
39 46 20
39 47 43
39 48 5
39 49 36
39 50 42
39 51 51
39 52 71
39 53 4
39 54 14
39 55 18
39 56 6
39 57 20
39 58 36
39 59 68
39 60 59
39 61 12
39 62 61
39 63 46
39 64 39
39 65 49
39 66 63
39 67 3
39 68 78
39 69 77
39 70 15
39 71 33
39 72 30
39 73 57
39 74 9
39 75 30
39 76 65
39 77 43
39 78 45
39 79 36
39 80 83
39 81 11
39 82 32
39 83 25
39 84 88
39 85 12
39 86 83
39 87 0
39 88 59
39 89 91
39 90 40
39 91 29
39 92 54
39 93 65
39 94 81
39 95 73
39 96 55
39 97 16
39 98 64
39 99 72
39 100 49
39 101 83
39 102 52
40 41 61
40 42 36
40 43 49
40 44 95
40 45 80
40 46 8
40 47 80
40 48 33
40 49 58
40 50 63
40 51 70
40 52 12
40 53 93
40 54 20
40 55 7
40 56 79
40 57 96
40 58 96
40 59 97
40 60 61
40 61 5
40 62 61
40 63 79
40 64 1
40 65 61
40 66 23
40 67 0
40 68 78
40 69 70
40 70 74
40 71 50
40 72 35
40 73 63
40 74 61
40 75 7
40 76 73
40 77 51
40 78 10
40 79 7
40 80 46
40 81 13
40 82 5
40 83 75
40 84 49
40 85 85
40 86 80
40 87 42
40 88 34
40 89 28
40 90 20
40 91 93
40 92 47
40 93 66
40 94 50
40 95 100
40 96 100
40 97 13
40 98 48
40 99 66
40 100 14
40 101 86
40 102 31
41 42 4
41 43 22
41 44 61
41 45 0
41 46 0
41 47 86
41 48 62
41 49 12
41 50 48
41 51 85
41 52 53
41 53 58
41 54 27
41 55 91
41 56 36
41 57 77
41 58 91
41 59 21
41 60 98
41 61 97
41 62 18
41 63 99
41 64 77
41 65 16
41 66 2
41 67 37
41 68 60
41 69 15
41 70 54
41 71 41
41 72 37
41 73 77
41 74 90
41 75 78
41 76 3
41 77 47
41 78 11
41 79 44
41 80 45
41 81 20
41 82 19
41 83 28
41 84 16
41 85 60
41 86 60
41 87 83
41 88 40
41 89 15
41 90 20
41 91 87
41 92 70
41 93 35
41 94 5
41 95 43
41 96 36
41 97 40
41 98 21
41 99 9
41 100 25
41 101 38
41 102 91
42 43 62
42 44 79
42 45 47
42 46 76
42 47 16
42 48 35
42 49 66
42 50 88
42 51 81
42 52 58
42 53 37
42 54 79
42 55 62
42 56 29
42 57 17
42 58 80
42 59 46
42 60 100
42 61 85
42 62 69
42 63 88
42 64 49
42 65 55
42 66 14
42 67 34
42 68 34
42 69 2
42 70 11
42 71 85
42 72 19
42 73 33
42 74 87
42 75 38
42 76 98
42 77 14
42 78 53
42 79 60
42 80 100
42 81 36
42 82 23
42 83 74
42 84 25
42 85 84
42 86 58
42 87 56
42 88 96
42 89 91
42 90 32
42 91 18
42 92 66
42 93 15
42 94 20
42 95 100
42 96 10
42 97 82
42 98 35
42 99 94
42 100 13
42 101 39
42 102 78
43 44 15
43 45 56
43 46 25
43 47 95
43 48 8
43 49 34
43 50 93
43 51 57
43 52 54
43 53 45
43 54 18
43 55 24
43 56 37
43 57 4
43 58 1
43 59 79
43 60 28
43 61 69
43 62 96
43 63 19
43 64 69
43 65 18
43 66 21
43 67 88
43 68 99
43 69 9
43 70 86
43 71 32
43 72 34
43 73 84
43 74 35
43 75 99
43 76 87
43 77 11
43 78 68
43 79 100
43 80 50
43 81 27
43 82 47
43 83 12
43 84 99
43 85 25
43 86 34
43 87 53
43 88 53
43 89 33
43 90 56
43 91 84
43 92 54
43 93 59
43 94 83
43 95 72
43 96 73
43 97 31
43 98 43
43 99 72
43 100 87
43 101 59
43 102 74
44 45 71
44 46 54
44 47 24
44 48 94
44 49 5
44 50 40
44 51 97
44 52 0
44 53 84
44 54 3
44 55 65
44 56 46
44 57 54
44 58 85
44 59 85
44 60 46
44 61 18
44 62 41
44 63 17
44 64 51
44 65 81
44 66 40
44 67 50
44 68 22
44 69 72
44 70 6
44 71 89
44 72 31
44 73 24
44 74 26
44 75 24
44 76 2
44 77 59
44 78 54
44 79 33
44 80 18
44 81 46
44 82 42
44 83 93
44 84 1
44 85 77
44 86 100
44 87 61
44 88 85
44 89 18
44 90 54
44 91 87
44 92 52
44 93 34
44 94 93
44 95 65
44 96 4
44 97 57
44 98 49
44 99 53
44 100 66
44 101 30
44 102 74
45 46 49
45 47 49
45 48 82
45 49 60
45 50 17
45 51 58
45 52 74
45 53 96
45 54 10
45 55 53
45 56 62
45 57 93
45 58 86
45 59 76
45 60 82
45 61 100
45 62 65
45 63 53
45 64 35
45 65 49
45 66 51
45 67 71
45 68 48
45 69 30
45 70 94
45 71 81
45 72 32
45 73 55
45 74 28
45 75 21
45 76 24
45 77 86
45 78 6
45 79 48
45 80 16
45 81 7
45 82 13
45 83 29
45 84 19
45 85 55
45 86 96
45 87 58
45 88 32
45 89 51
45 90 30
45 91 13
45 92 89
45 93 45
45 94 14
45 95 64
45 96 25
45 97 6
45 98 11
45 99 21
45 100 18
45 101 10
45 102 64
46 47 23
46 48 78
46 49 36
46 50 17
46 51 40
46 52 64
46 53 40
46 54 82
46 55 20
46 56 65
46 57 90
46 58 48
46 59 26
46 60 97
46 61 86
46 62 0
46 63 61
46 64 66
46 65 69
46 66 87
46 67 92
46 68 55
46 69 100
46 70 50
46 71 17
46 72 56
46 73 62
46 74 12
46 75 19
46 76 74
46 77 77
46 78 74
46 79 26
46 80 26
46 81 47
46 82 86
46 83 80
46 84 26
46 85 54
46 86 64
46 87 45
46 88 43
46 89 89
46 90 77
46 91 32
46 92 51
46 93 43
46 94 62
46 95 50
46 96 47
46 97 41
46 98 32
46 99 25
46 100 24
46 101 33
46 102 12
47 48 74
47 49 71
47 50 89
47 51 7
47 52 56
47 53 45
47 54 93
47 55 100
47 56 58
47 57 56
47 58 61
47 59 32
47 60 99
47 61 35
47 62 35
47 63 73
47 64 18
47 65 27
47 66 95
47 67 92
47 68 83
47 69 81
47 70 93
47 71 25
47 72 68
47 73 78
47 74 72
47 75 27
47 76 79
47 77 83
47 78 34
47 79 3
47 80 77
47 81 58
47 82 57
47 83 35
47 84 22
47 85 7
47 86 79
47 87 59
47 88 46
47 89 31
47 90 3
47 91 54
47 92 26
47 93 18
47 94 93
47 95 14
47 96 56
47 97 9
47 98 23
47 99 68
47 100 44
47 101 35
47 102 94
48 49 98
48 50 11
48 51 21
48 52 54
48 53 13
48 54 87
48 55 75
48 56 62
48 57 77
48 58 77
48 59 99
48 60 79
48 61 60
48 62 8
48 63 26
48 64 99
48 65 64
48 66 6
48 67 8
48 68 57
48 69 72
48 70 86
48 71 95
48 72 96
48 73 51
48 74 85
48 75 24
48 76 14
48 77 58
48 78 47
48 79 15
48 80 83
48 81 55
48 82 76
48 83 90
48 84 97
48 85 58
48 86 68
48 87 50
48 88 56
48 89 5
48 90 81
48 91 11
48 92 23
48 93 14
48 94 47
48 95 5
48 96 65
48 97 69
48 98 30
48 99 37
48 100 46
48 101 11
48 102 75
49 50 37
49 51 24
49 52 81
49 53 3
49 54 8
49 55 52
49 56 83
49 57 55
49 58 29
49 59 7
49 60 38
49 61 53
49 62 81
49 63 78
49 64 60
49 65 89
49 66 100
49 67 15
49 68 93
49 69 68
49 70 67
49 71 2
49 72 16
49 73 50
49 74 66
49 75 66
49 76 95
49 77 31
49 78 56
49 79 51
49 80 78
49 81 27
49 82 98
49 83 68
49 84 52
49 85 85
49 86 46
49 87 34
49 88 44
49 89 52
49 90 1
49 91 44
49 92 10
49 93 74
49 94 19
49 95 97
49 96 36
49 97 13
49 98 57
49 99 76
49 100 79
49 101 100
49 102 75
50 51 44
50 52 27
50 53 95
50 54 77
50 55 81
50 56 91
50 57 51
50 58 53
50 59 99
50 60 50
50 61 40
50 62 7
50 63 58
50 64 46
50 65 18
50 66 89
50 67 87
50 68 49
50 69 59
50 70 68
50 71 97
50 72 100
50 73 23
50 74 23
50 75 96
50 76 40
50 77 45
50 78 79
50 79 14
50 80 1
50 81 20
50 82 53
50 83 100
50 84 61
50 85 40
50 86 0
50 87 94
50 88 11
50 89 10
50 90 57
50 91 50
50 92 92
50 93 96
50 94 35
50 95 54
50 96 38
50 97 72
50 98 15
50 99 79
50 100 33
50 101 42
50 102 82
51 52 10
51 53 73
51 54 78
51 55 30
51 56 98
51 57 81
51 58 54
51 59 87
51 60 48
51 61 62
51 62 21
51 63 6
51 64 63
51 65 38
51 66 83
51 67 50
51 68 86
51 69 67
51 70 47
51 71 44
51 72 11
51 73 4
51 74 84
51 75 73
51 76 11
51 77 56
51 78 35
51 79 64
51 80 9
51 81 7
51 82 76
51 83 2
51 84 28
51 85 19
51 86 7
51 87 48
51 88 64
51 89 39
51 90 97
51 91 74
51 92 97
51 93 24
51 94 57
51 95 16
51 96 78
51 97 42
51 98 87
51 99 12
51 100 42
51 101 53
51 102 11
52 53 21
52 54 62
52 55 18
52 56 33
52 57 70
52 58 90
52 59 37
52 60 25
52 61 81
52 62 65
52 63 93
52 64 14
52 65 55
52 66 96
52 67 44
52 68 53
52 69 62
52 70 90
52 71 61
52 72 7
52 73 52
52 74 54
52 75 63
52 76 42
52 77 69
52 78 70
52 79 9
52 80 13
52 81 66
52 82 29
52 83 98
52 84 50
52 85 83
52 86 71
52 87 53
52 88 97
52 89 22
52 90 100
52 91 52
52 92 86
52 93 92
52 94 44
52 95 22
52 96 75
52 97 80
52 98 97
52 99 16
52 100 63
52 101 54
52 102 78
53 54 53
53 55 35
53 56 95
53 57 70
53 58 38
53 59 17
53 60 81
53 61 21
53 62 63
53 63 53
53 64 65
53 65 86
53 66 69
53 67 81
53 68 69
53 69 5
53 70 79
53 71 71
53 72 95
53 73 93
53 74 47
53 75 98
53 76 39
53 77 95
53 78 100
53 79 79
53 80 50
53 81 58
53 82 96
53 83 29
53 84 71
53 85 95
53 86 9
53 87 17
53 88 15
53 89 80
53 90 31
53 91 85
53 92 2
53 93 70
53 94 59
53 95 62
53 96 11
53 97 4
53 98 34
53 99 8
53 100 69
53 101 19
53 102 37
54 55 37
54 56 70
54 57 24
54 58 35
54 59 27
54 60 5
54 61 11
54 62 12
54 63 56
54 64 33
54 65 26
54 66 98
54 67 39
54 68 4
54 69 16
54 70 44
54 71 6
54 72 76
54 73 26
54 74 39
54 75 96
54 76 92
54 77 38
54 78 74
54 79 92
54 80 18
54 81 69
54 82 44
54 83 80
54 84 64
54 85 42
54 86 15
54 87 82
54 88 84
54 89 63
54 90 69
54 91 55
54 92 42
54 93 21
54 94 82
54 95 4
54 96 11
54 97 40
54 98 95
54 99 39
54 100 51
54 101 100
54 102 25
55 56 51
55 57 40
55 58 2
55 59 33
55 60 99
55 61 42
55 62 97
55 63 43
55 64 77
55 65 6
55 66 78
55 67 83
55 68 24
55 69 88
55 70 15
55 71 39
55 72 13
55 73 34
55 74 35
55 75 86
55 76 84
55 77 77
55 78 62
55 79 41
55 80 47
55 81 79
55 82 42
55 83 39
55 84 70
55 85 1
55 86 90
55 87 66
55 88 88
55 89 93
55 90 45
55 91 23
55 92 8
55 93 76
55 94 73
55 95 66
55 96 97
55 97 83
55 98 72
55 99 40
55 100 77
55 101 54
55 102 65
56 57 91
56 58 89
56 59 66
56 60 16
56 61 78
56 62 53
56 63 78
56 64 34
56 65 57
56 66 53
56 67 84
56 68 9
56 69 47
56 70 72
56 71 77
56 72 30
56 73 84
56 74 52
56 75 73
56 76 58
56 77 47
56 78 49
56 79 36
56 80 1
56 81 25
56 82 85
56 83 90
56 84 46
56 85 96
56 86 42
56 87 87
56 88 86
56 89 47
56 90 9
56 91 19
56 92 23
56 93 100
56 94 97
56 95 1
56 96 38
56 97 66
56 98 92
56 99 36
56 100 49
56 101 41
56 102 69
57 58 81
57 59 11
57 60 100
57 61 6
57 62 85
57 63 89
57 64 27
57 65 88
57 66 2
57 67 8
57 68 11
57 69 55
57 70 75
57 71 99
57 72 25
57 73 54
57 74 12
57 75 28
57 76 0
57 77 91
57 78 22
57 79 66
57 80 3
57 81 29
57 82 54
57 83 74
57 84 77
57 85 47
57 86 81
57 87 8
57 88 32
57 89 71
57 90 98
57 91 100
57 92 5
57 93 83
57 94 86
57 95 14
57 96 71
57 97 67
57 98 84
57 99 22
57 100 1
57 101 35
57 102 32
58 59 65
58 60 45
58 61 43
58 62 62
58 63 89
58 64 32
58 65 27
58 66 66
58 67 51
58 68 91
58 69 30
58 70 46
58 71 41
58 72 85
58 73 53
58 74 30
58 75 0
58 76 91
58 77 49
58 78 79
58 79 83
58 80 10
58 81 92
58 82 21
58 83 22
58 84 82
58 85 57
58 86 19
58 87 98
58 88 14
58 89 14
58 90 13
58 91 33
58 92 42
58 93 78
58 94 28
58 95 52
58 96 61
58 97 41
58 98 99
58 99 87
58 100 22
58 101 48
58 102 81
59 60 50
59 61 30
59 62 60
59 63 26
59 64 22
59 65 21
59 66 55
59 67 95
59 68 42
59 69 82
59 70 32
59 71 93
59 72 15
59 73 83
59 74 27
59 75 8
59 76 55
59 77 66
59 78 2
59 79 85
59 80 100
59 81 70
59 82 87
59 83 28
59 84 80
59 85 12
59 86 100
59 87 5
59 88 40
59 89 86
59 90 36
59 91 18
59 92 67
59 93 6
59 94 65
59 95 72
59 96 21
59 97 86
59 98 20
59 99 77
59 100 1
59 101 41
59 102 69
60 61 31
60 62 65
60 63 80
60 64 43
60 65 83
60 66 76
60 67 20
60 68 58
60 69 5
60 70 38
60 71 1
60 72 46
60 73 68
60 74 51
60 75 63
60 76 99
60 77 27
60 78 88
60 79 22
60 80 59
60 81 71
60 82 80
60 83 65
60 84 28
60 85 1
60 86 73
60 87 90
60 88 62
60 89 19
60 90 2
60 91 66
60 92 75
60 93 5
60 94 6
60 95 77
60 96 59
60 97 87
60 98 85
60 99 64
60 100 0
60 101 20
60 102 82
61 62 36
61 63 92
61 64 40
61 65 54
61 66 39
61 67 44
61 68 50
61 69 39
61 70 28
61 71 27
61 72 81
61 73 57
61 74 67
61 75 13
61 76 57
61 77 90
61 78 61
61 79 26
61 80 31
61 81 0
61 82 19
61 83 98
61 84 45
61 85 68
61 86 38
61 87 96
61 88 94
61 89 7
61 90 95
61 91 93
61 92 83
61 93 39
61 94 77
61 95 37
61 96 7
61 97 81
61 98 91
61 99 34
61 100 19
61 101 99
61 102 15
62 63 46
62 64 4
62 65 12
62 66 92
62 67 61
62 68 77
62 69 30
62 70 33
62 71 80
62 72 98
62 73 15
62 74 38
62 75 25
62 76 16
62 77 43
62 78 81
62 79 69
62 80 45
62 81 87
62 82 86
62 83 52
62 84 51
62 85 86
62 86 79
62 87 24
62 88 12
62 89 100
62 90 22
62 91 78
62 92 52
62 93 39
62 94 58
62 95 22
62 96 26
62 97 19
62 98 14
62 99 72
62 100 78
62 101 84
62 102 71
63 64 19
63 65 45
63 66 28
63 67 71
63 68 36
63 69 22
63 70 26
63 71 56
63 72 11
63 73 6
63 74 48
63 75 61
63 76 63
63 77 29
63 78 51
63 79 54
63 80 79
63 81 4
63 82 2
63 83 2
63 84 61
63 85 91
63 86 32
63 87 33
63 88 22
63 89 87
63 90 32
63 91 60
63 92 27
63 93 48
63 94 72
63 95 91
63 96 11
63 97 26
63 98 88
63 99 15
63 100 44
63 101 38
63 102 48
64 65 34
64 66 27
64 67 73
64 68 83
64 69 80
64 70 41
64 71 8
64 72 91
64 73 54
64 74 36
64 75 67
64 76 82
64 77 27
64 78 51
64 79 53
64 80 5
64 81 66
64 82 70
64 83 42
64 84 83
64 85 59
64 86 18
64 87 43
64 88 85
64 89 6
64 90 16
64 91 88
64 92 97
64 93 7
64 94 80
64 95 90
64 96 24
64 97 60
64 98 48
64 99 55
64 100 37
64 101 26
64 102 82
65 66 68
65 67 9
65 68 1
65 69 85
65 70 37
65 71 94
65 72 87
65 73 96
65 74 76
65 75 69
65 76 42
65 77 58
65 78 21
65 79 66
65 80 77
65 81 48
65 82 16
65 83 87
65 84 87
65 85 28
65 86 33
65 87 53
65 88 80
65 89 69
65 90 33
65 91 43
65 92 77
65 93 93
65 94 49
65 95 27
65 96 45
65 97 76
65 98 96
65 99 69
65 100 23
65 101 79
65 102 24
66 67 17
66 68 33
66 69 89
66 70 27
66 71 20
66 72 23
66 73 28
66 74 23
66 75 51
66 76 14
66 77 56
66 78 74
66 79 15
66 80 95
66 81 62
66 82 76
66 83 47
66 84 84
66 85 16
66 86 10
66 87 60
66 88 50
66 89 53
66 90 86
66 91 0
66 92 6
66 93 13
66 94 1
66 95 90
66 96 9
66 97 62
66 98 76
66 99 86
66 100 90
66 101 95
66 102 86
67 68 72
67 69 29
67 70 38
67 71 8
67 72 19
67 73 36
67 74 82
67 75 2
67 76 82
67 77 14
67 78 11
67 79 55
67 80 5
67 81 100
67 82 26
67 83 49
67 84 73
67 85 56
67 86 69
67 87 45
67 88 62
67 89 45
67 90 89
67 91 2
67 92 76
67 93 58
67 94 89
67 95 17
67 96 67
67 97 27
67 98 90
67 99 57
67 100 76
67 101 21
67 102 12
68 69 64
68 70 88
68 71 13
68 72 36
68 73 69
68 74 78
68 75 92
68 76 73
68 77 69
68 78 59
68 79 37
68 80 3
68 81 61
68 82 24
68 83 53
68 84 70
68 85 68
68 86 77
68 87 78
68 88 73
68 89 92
68 90 91
68 91 100
68 92 35
68 93 96
68 94 11
68 95 91
68 96 54
68 97 3
68 98 16
68 99 3
68 100 88
68 101 11
68 102 29
69 70 76
69 71 17
69 72 7
69 73 6
69 74 67
69 75 21
69 76 26
69 77 76
69 78 51
69 79 66
69 80 50
69 81 31
69 82 4
69 83 88
69 84 42
69 85 22
69 86 43
69 87 79
69 88 55
69 89 50
69 90 46
69 91 63
69 92 46
69 93 67
69 94 10
69 95 19
69 96 84
69 97 94
69 98 53
69 99 7
69 100 44
69 101 19
69 102 85
70 71 26
70 72 9
70 73 68
70 74 28
70 75 58
70 76 0
70 77 55
70 78 98
70 79 60
70 80 18
70 81 41
70 82 71
70 83 8
70 84 93
70 85 42
70 86 11
70 87 11
70 88 43
70 89 75
70 90 65
70 91 91
70 92 13
70 93 42
70 94 92
70 95 87
70 96 41
70 97 58
70 98 29
70 99 74
70 100 33
70 101 37
70 102 8
71 72 100
71 73 53
71 74 22
71 75 31
71 76 25
71 77 97
71 78 91
71 79 42
71 80 8
71 81 46
71 82 42
71 83 48
71 84 46
71 85 39
71 86 84
71 87 95
71 88 96
71 89 53
71 90 39
71 91 87
71 92 53
71 93 5
71 94 9
71 95 20
71 96 90
71 97 52
71 98 86
71 99 93
71 100 25
71 101 82
71 102 75
72 73 34
72 74 0
72 75 58
72 76 27
72 77 90
72 78 52
72 79 63
72 80 6
72 81 37
72 82 18
72 83 7
72 84 62
72 85 85
72 86 86
72 87 95
72 88 81
72 89 56
72 90 10
72 91 72
72 92 93
72 93 60
72 94 89
72 95 83
72 96 15
72 97 64
72 98 45
72 99 15
72 100 90
72 101 67
72 102 60
73 74 85
73 75 67
73 76 89
73 77 10
73 78 67
73 79 6
73 80 65
73 81 37
73 82 90
73 83 51
73 84 80
73 85 50
73 86 46
73 87 66
73 88 92
73 89 9
73 90 29
73 91 80
73 92 69
73 93 75
73 94 41
73 95 3
73 96 81
73 97 43
73 98 46
73 99 4
73 100 71
73 101 34
73 102 45
74 75 36
74 76 54
74 77 78
74 78 68
74 79 44
74 80 42
74 81 84
74 82 23
74 83 92
74 84 4
74 85 65
74 86 19
74 87 8
74 88 10
74 89 73
74 90 14
74 91 19
74 92 65
74 93 2
74 94 93
74 95 80
74 96 4
74 97 4
74 98 100
74 99 85
74 100 87
74 101 21
74 102 45
75 76 80
75 77 15
75 78 88
75 79 88
75 80 96
75 81 51
75 82 94
75 83 88
75 84 76
75 85 96
75 86 19
75 87 54
75 88 5
75 89 53
75 90 57
75 91 3
75 92 74
75 93 77
75 94 4
75 95 63
75 96 72
75 97 9
75 98 56
75 99 45
75 100 45
75 101 7
75 102 44
76 77 19
76 78 63
76 79 76
76 80 63
76 81 85
76 82 84
76 83 8
76 84 70
76 85 66
76 86 77
76 87 18
76 88 24
76 89 86
76 90 44
76 91 77
76 92 8
76 93 6
76 94 14
76 95 20
76 96 5
76 97 33
76 98 94
76 99 23
76 100 70
76 101 77
76 102 92
77 78 50
77 79 30
77 80 44
77 81 52
77 82 2
77 83 19
77 84 92
77 85 82
77 86 73
77 87 17
77 88 58
77 89 61
77 90 36
77 91 77
77 92 33
77 93 36
77 94 41
77 95 98
77 96 10
77 97 82
77 98 83
77 99 57
77 100 8
77 101 14
77 102 71
78 79 36
78 80 8
78 81 68
78 82 49
78 83 51
78 84 77
78 85 83
78 86 86
78 87 53
78 88 43
78 89 39
78 90 16
78 91 71
78 92 16
78 93 30
78 94 36
78 95 55
78 96 37
78 97 5
78 98 81
78 99 96
78 100 88
78 101 66
78 102 17
79 80 3
79 81 11
79 82 89
79 83 4
79 84 17
79 85 64
79 86 80
79 87 71
79 88 0
79 89 15
79 90 34
79 91 37
79 92 2
79 93 1
79 94 23
79 95 37
79 96 72
79 97 54
79 98 13
79 99 82
79 100 32
79 101 71
79 102 30
80 81 65
80 82 99
80 83 43
80 84 63
80 85 15
80 86 22
80 87 11
80 88 90
80 89 25
80 90 98
80 91 70
80 92 95
80 93 93
80 94 49
80 95 18
80 96 7
80 97 27
80 98 53
80 99 7
80 100 56
80 101 50
80 102 1
81 82 19
81 83 38
81 84 71
81 85 35
81 86 64
81 87 51
81 88 64
81 89 44
81 90 95
81 91 42
81 92 70
81 93 14
81 94 13
81 95 95
81 96 50
81 97 44
81 98 99
81 99 94
81 100 33
81 101 56
81 102 93
82 83 33
82 84 99
82 85 46
82 86 19
82 87 10
82 88 55
82 89 2
82 90 1
82 91 48
82 92 96
82 93 11
82 94 18
82 95 98
82 96 58
82 97 73
82 98 22
82 99 81
82 100 59
82 101 45
82 102 98
83 84 63
83 85 3
83 86 91
83 87 39
83 88 5
83 89 15
83 90 24
83 91 18
83 92 28
83 93 6
83 94 15
83 95 4
83 96 1
83 97 14
83 98 90
83 99 9
83 100 48
83 101 32
83 102 63
84 85 24
84 86 68
84 87 76
84 88 95
84 89 54
84 90 49
84 91 32
84 92 6
84 93 89
84 94 100
84 95 63
84 96 17
84 97 51
84 98 53
84 99 44
84 100 26
84 101 64
84 102 84
85 86 92
85 87 67
85 88 33
85 89 6
85 90 27
85 91 86
85 92 61
85 93 18
85 94 42
85 95 56
85 96 56
85 97 76
85 98 59
85 99 94
85 100 44
85 101 55
85 102 64
86 87 32
86 88 12
86 89 52
86 90 45
86 91 59
86 92 85
86 93 25
86 94 34
86 95 47
86 96 67
86 97 8
86 98 3
86 99 48
86 100 56
86 101 75
86 102 74
87 88 99
87 89 15
87 90 65
87 91 50
87 92 1
87 93 3
87 94 2
87 95 1
87 96 100
87 97 17
87 98 51
87 99 18
87 100 35
87 101 55
87 102 60
88 89 75
88 90 98
88 91 13
88 92 11
88 93 85
88 94 99
88 95 71
88 96 95
88 97 98
88 98 86
88 99 94
88 100 31
88 101 5
88 102 43
89 90 34
89 91 78
89 92 84
89 93 47
89 94 72
89 95 24
89 96 62
89 97 39
89 98 34
89 99 6
89 100 39
89 101 97
89 102 81
90 91 47
90 92 81
90 93 25
90 94 46
90 95 91
90 96 45
90 97 76
90 98 66
90 99 47
90 100 77
90 101 99
90 102 72
91 92 24
91 93 36
91 94 76
91 95 37
91 96 87
91 97 53
91 98 40
91 99 67
91 100 98
91 101 81
91 102 54
92 93 6
92 94 6
92 95 36
92 96 59
92 97 17
92 98 13
92 99 25
92 100 12
92 101 69
92 102 7
93 94 75
93 95 21
93 96 2
93 97 12
93 98 11
93 99 40
93 100 13
93 101 41
93 102 88
94 95 93
94 96 92
94 97 44
94 98 97
94 99 65
94 100 26
94 101 79
94 102 96
95 96 89
95 97 85
95 98 95
95 99 91
95 100 96
95 101 4
95 102 1
96 97 95
96 98 24
96 99 2
96 100 51
96 101 99
96 102 42
97 98 31
97 99 31
97 100 58
97 101 47
97 102 34
98 99 12
98 100 98
98 101 29
98 102 3
99 100 18
99 101 19
99 102 36
100 101 14
100 102 94
101 102 49
