100 4950
1 2 8
1 3 70
1 4 54
1 5 15
1 6 10
1 7 73
1 8 19
1 9 57
1 10 83
1 11 12
1 12 38
1 13 27
1 14 42
1 15 69
1 16 5
1 17 0
1 18 65
1 19 3
1 20 14
1 21 27
1 22 2
1 23 81
1 24 52
1 25 35
1 26 13
1 27 79
1 28 44
1 29 95
1 30 67
1 31 19
1 32 30
1 33 79
1 34 9
1 35 0
1 36 19
1 37 30
1 38 34
1 39 23
1 40 70
1 41 76
1 42 17
1 43 92
1 44 22
1 45 98
1 46 40
1 47 99
1 48 96
1 49 70
1 50 19
1 51 83
1 52 41
1 53 61
1 54 30
1 55 2
1 56 15
1 57 22
1 58 23
1 59 67
1 60 15
1 61 58
1 62 2
1 63 21
1 64 97
1 65 77
1 66 99
1 67 79
1 68 53
1 69 31
1 70 65
1 71 95
1 72 64
1 73 75
1 74 12
1 75 14
1 76 38
1 77 34
1 78 72
1 79 12
1 80 3
1 81 80
1 82 19
1 83 29
1 84 92
1 85 16
1 86 11
1 87 34
1 88 1
1 89 89
1 90 99
1 91 71
1 92 10
1 93 51
1 94 28
1 95 48
1 96 7
1 97 58
1 98 6
1 99 67
1 100 0
2 3 50
2 4 100
2 5 6
2 6 22
2 7 86
2 8 64
2 9 86
2 10 31
2 11 18
2 12 41
2 13 51
2 14 56
2 15 97
2 16 12
2 17 92
2 18 100
2 19 90
2 20 43
2 21 31
2 22 37
2 23 58
2 24 97
2 25 36
2 26 90
2 27 33
2 28 32
2 29 12
2 30 67
2 31 89
2 32 78
2 33 32
2 34 59
2 35 1
2 36 11
2 37 52
2 38 74
2 39 0
2 40 21
2 41 50
2 42 96
2 43 23
2 44 51
2 45 6
2 46 63
2 47 35
2 48 64
2 49 30
2 50 68
2 51 23
2 52 98
2 53 72
2 54 43
2 55 13
2 56 75
2 57 78
2 58 27
2 59 37
2 60 51
2 61 31
2 62 27
2 63 41
2 64 31
2 65 8
2 66 89
2 67 3
2 68 89
2 69 72
2 70 86
2 71 64
2 72 14
2 73 8
2 74 79
2 75 72
2 76 44
2 77 44
2 78 28
2 79 52
2 80 97
2 81 79
2 82 60
2 83 79
2 84 59
2 85 42
2 86 39
2 87 15
2 88 73
2 89 40
2 90 69
2 91 70
2 92 13
2 93 36
2 94 34
2 95 33
2 96 10
2 97 17
2 98 91
2 99 35
2 100 1
3 4 58
3 5 8
3 6 50
3 7 41
3 8 41
3 9 75
3 10 78
3 11 31
3 12 17
3 13 14
3 14 15
3 15 77
3 16 1
3 17 30
3 18 100
3 19 76
3 20 1
3 21 15
3 22 45
3 23 86
3 24 32
3 25 36
3 26 83
3 27 32
3 28 84
3 29 0
3 30 52
3 31 98
3 32 59
3 33 28
3 34 82
3 35 17
3 36 76
3 37 78
3 38 1
3 39 23
3 40 92
3 41 88
3 42 60
3 43 55
3 44 29
3 45 75
3 46 82
3 47 37
3 48 17
3 49 34
3 50 12
3 51 21
3 52 80
3 53 13
3 54 25
3 55 93
3 56 83
3 57 52
3 58 0
3 59 26
3 60 43
3 61 56
3 62 45
3 63 69
3 64 11
3 65 24
3 66 0
3 67 12
3 68 42
3 69 95
3 70 33
3 71 84
3 72 93
3 73 13
3 74 3
3 75 29
3 76 6
3 77 75
3 78 72
3 79 53
3 80 54
3 81 30
3 82 90
3 83 74
3 84 93
3 85 61
3 86 17
3 87 16
3 88 39
3 89 1
3 90 53
3 91 25
3 92 53
3 93 46
3 94 82
3 95 83
3 96 100
3 97 17
3 98 11
3 99 86
3 100 71
4 5 18
4 6 36
4 7 87
4 8 8
4 9 59
4 10 4
4 11 93
4 12 97
4 13 67
4 14 94
4 15 3
4 16 20
4 17 16
4 18 90
4 19 38
4 20 12
4 21 52
4 22 92
4 23 1
4 24 89
4 25 22
4 26 64
4 27 18
4 28 0
4 29 36
4 30 82
4 31 84
4 32 80
4 33 2
4 34 34
4 35 5
4 36 30
4 37 43
4 38 21
4 39 59
4 40 14
4 41 93
4 42 95
4 43 45
4 44 89
4 45 35
4 46 1
4 47 46
4 48 37
4 49 46
4 50 83
4 51 85
4 52 24
4 53 43
4 54 25
4 55 5
4 56 61
4 57 41
4 58 33
4 59 48
4 60 80
4 61 48
4 62 41
4 63 42
4 64 18
4 65 1
4 66 54
4 67 69
4 68 91
4 69 61
4 70 36
4 71 68
4 72 44
4 73 8
4 74 59
4 75 65
4 76 97
4 77 58
4 78 67
4 79 34
4 80 39
4 81 7
4 82 57
4 83 80
4 84 73
4 85 14
4 86 54
4 87 12
4 88 54
4 89 99
4 90 83
4 91 59
4 92 15
4 93 21
4 94 0
4 95 84
4 96 7
4 97 90
4 98 23
4 99 2
4 100 19
5 6 31
5 7 4
5 8 97
5 9 77
5 10 46
5 11 12
5 12 15
5 13 13
5 14 85
5 15 61
5 16 59
5 17 33
5 18 84
5 19 73
5 20 86
5 21 84
5 22 71
5 23 45
5 24 43
5 25 64
5 26 29
5 27 79
5 28 96
5 29 72
5 30 8
5 31 12
5 32 94
5 33 12
5 34 68
5 35 14
5 36 70
5 37 62
5 38 28
5 39 3
5 40 62
5 41 81
5 42 9
5 43 56
5 44 81
5 45 33
5 46 83
5 47 82
5 48 85
5 49 97
5 50 78
5 51 89
5 52 74
5 53 86
5 54 21
5 55 40
5 56 60
5 57 90
5 58 17
5 59 27
5 60 30
5 61 20
5 62 76
5 63 31
5 64 88
5 65 12
5 66 100
5 67 24
5 68 79
5 69 28
5 70 63
5 71 18
5 72 52
5 73 92
5 74 40
5 75 97
5 76 25
5 77 41
5 78 94
5 79 56
5 80 57
5 81 76
5 82 31
5 83 72
5 84 92
5 85 20
5 86 47
5 87 44
5 88 69
5 89 30
5 90 60
5 91 14
5 92 73
5 93 84
5 94 64
5 95 4
5 96 8
5 97 83
5 98 54
5 99 75
5 100 9
6 7 1
6 8 49
6 9 34
6 10 90
6 11 89
6 12 79
6 13 9
6 14 7
6 15 95
6 16 48
6 17 67
6 18 100
6 19 77
6 20 93
6 21 54
6 22 80
6 23 72
6 24 49
6 25 94
6 26 99
6 27 70
6 28 20
6 29 55
6 30 95
6 31 52
6 32 46
6 33 96
6 34 94
6 35 37
6 36 16
6 37 42
6 38 9
6 39 61
6 40 90
6 41 48
6 42 90
6 43 94
6 44 20
6 45 40
6 46 39
6 47 72
6 48 18
6 49 67
6 50 37
6 51 35
6 52 86
6 53 61
6 54 37
6 55 14
6 56 0
6 57 92
6 58 32
6 59 19
6 60 0
6 61 34
6 62 21
6 63 72
6 64 9
6 65 94
6 66 75
6 67 52
6 68 5
6 69 37
6 70 77
6 71 93
6 72 13
6 73 75
6 74 87
6 75 0
6 76 9
6 77 31
6 78 91
6 79 81
6 80 65
6 81 79
6 82 34
6 83 30
6 84 14
6 85 17
6 86 39
6 87 37
6 88 87
6 89 90
6 90 93
6 91 81
6 92 79
6 93 42
6 94 3
6 95 13
6 96 50
6 97 36
6 98 3
6 99 21
6 100 81
7 8 31
7 9 33
7 10 36
7 11 49
7 12 10
7 13 69
7 14 84
7 15 33
7 16 62
7 17 24
7 18 49
7 19 50
7 20 78
7 21 84
7 22 74
7 23 69
7 24 20
7 25 58
7 26 95
7 27 17
7 28 82
7 29 64
7 30 61
7 31 3
7 32 91
7 33 37
7 34 29
7 35 83
7 36 10
7 37 63
7 38 25
7 39 84
7 40 47
7 41 19
7 42 57
7 43 81
7 44 16
7 45 25
7 46 65
7 47 74
7 48 25
7 49 35
7 50 33
7 51 55
7 52 19
7 53 11
7 54 82
7 55 9
7 56 0
7 57 33
7 58 100
7 59 73
7 60 65
7 61 97
7 62 61
7 63 21
7 64 44
7 65 31
7 66 75
7 67 96
7 68 71
7 69 57
7 70 67
7 71 42
7 72 31
7 73 36
7 74 35
7 75 81
7 76 84
7 77 2
7 78 42
7 79 38
7 80 44
7 81 92
7 82 25
7 83 11
7 84 75
7 85 74
7 86 100
7 87 42
7 88 61
7 89 51
7 90 39
7 91 6
7 92 100
7 93 77
7 94 46
7 95 31
7 96 41
7 97 52
7 98 97
7 99 55
7 100 36
8 9 26
8 10 72
8 11 63
8 12 2
8 13 44
8 14 71
8 15 5
8 16 99
8 17 6
8 18 33
8 19 59
8 20 82
8 21 71
8 22 50
8 23 19
8 24 9
8 25 32
8 26 3
8 27 22
8 28 57
8 29 14
8 30 55
8 31 73
8 32 19
8 33 75
8 34 30
8 35 3
8 36 65
8 37 16
8 38 7
8 39 37
8 40 0
8 41 80
8 42 62
8 43 2
8 44 27
8 45 93
8 46 85
8 47 90
8 48 38
8 49 96
8 50 99
8 51 83
8 52 84
8 53 65
8 54 19
8 55 47
8 56 47
8 57 32
8 58 39
8 59 91
8 60 32
8 61 68
8 62 85
8 63 68
8 64 62
8 65 40
8 66 18
8 67 44
8 68 51
8 69 38
8 70 72
8 71 27
8 72 68
8 73 61
8 74 4
8 75 0
8 76 45
8 77 58
8 78 21
8 79 99
8 80 73
8 81 17
8 82 64
8 83 2
8 84 20
8 85 7
8 86 27
8 87 10
8 88 1
8 89 81
8 90 20
8 91 97
8 92 87
8 93 81
8 94 95
8 95 62
8 96 93
8 97 13
8 98 43
8 99 43
8 100 37
9 10 2
9 11 32
9 12 48
9 13 78
9 14 57
9 15 75
9 16 19
9 17 97
9 18 17
9 19 71
9 20 12
9 21 0
9 22 4
9 23 2
9 24 40
9 25 31
9 26 5
9 27 15
9 28 6
9 29 98
9 30 65
9 31 26
9 32 88
9 33 4
9 34 58
9 35 54
9 36 81
9 37 74
9 38 86
9 39 46
9 40 89
9 41 77
9 42 74
9 43 57
9 44 72
9 45 80
9 46 66
9 47 67
9 48 75
9 49 81
9 50 33
9 51 77
9 52 20
9 53 85
9 54 2
9 55 2
9 56 56
9 57 84
9 58 55
9 59 22
9 60 49
9 61 39
9 62 37
9 63 2
9 64 42
9 65 44
9 66 64
9 67 78
9 68 34
9 69 44
9 70 65
9 71 92
9 72 80
9 73 14
9 74 93
9 75 27
9 76 52
9 77 25
9 78 31
9 79 80
9 80 61
9 81 44
9 82 80
9 83 11
9 84 75
9 85 24
9 86 46
9 87 44
9 88 44
9 89 51
9 90 86
9 91 71
9 92 25
9 93 35
9 94 33
9 95 3
9 96 56
9 97 19
9 98 51
9 99 85
9 100 13
10 11 11
10 12 55
10 13 84
10 14 36
10 15 81
10 16 46
10 17 5
10 18 50
10 19 0
10 20 89
10 21 79
10 22 17
10 23 2
10 24 9
10 25 81
10 26 59
10 27 82
10 28 63
10 29 89
10 30 84
10 31 70
10 32 12
10 33 6
10 34 80
10 35 69
10 36 9
10 37 6
10 38 77
10 39 97
10 40 78
10 41 5
10 42 17
10 43 64
10 44 36
10 45 96
10 46 84
10 47 83
10 48 12
10 49 71
10 50 9
10 51 45
10 52 75
10 53 81
10 54 61
10 55 75
10 56 61
10 57 40
10 58 85
10 59 57
10 60 84
10 61 24
10 62 82
10 63 82
10 64 85
10 65 28
10 66 42
10 67 25
10 68 75
10 69 69
10 70 85
10 71 39
10 72 4
10 73 35
10 74 54
10 75 32
10 76 36
10 77 75
10 78 64
10 79 16
10 80 7
10 81 69
10 82 60
10 83 42
10 84 32
10 85 53
10 86 22
10 87 87
10 88 51
10 89 21
10 90 59
10 91 86
10 92 44
10 93 22
10 94 48
10 95 91
10 96 86
10 97 6
10 98 69
10 99 90
10 100 89
11 12 11
11 13 80
11 14 4
11 15 59
11 16 47
11 17 81
11 18 58
11 19 7
11 20 64
11 21 51
11 22 39
11 23 38
11 24 71
11 25 9
11 26 95
11 27 75
11 28 99
11 29 59
11 30 27
11 31 53
11 32 3
11 33 97
11 34 70
11 35 39
11 36 32
11 37 20
11 38 90
11 39 21
11 40 70
11 41 43
11 42 6
11 43 77
11 44 8
11 45 83
11 46 23
11 47 0
11 48 30
11 49 51
11 50 34
11 51 24
11 52 91
11 53 41
11 54 17
11 55 65
11 56 75
11 57 49
11 58 25
11 59 83
11 60 44
11 61 27
11 62 92
11 63 80
11 64 9
11 65 91
11 66 40
11 67 83
11 68 50
11 69 40
11 70 29
11 71 79
11 72 100
11 73 49
11 74 65
11 75 16
11 76 33
11 77 13
11 78 5
11 79 81
11 80 32
11 81 8
11 82 6
11 83 53
11 84 39
11 85 50
11 86 70
11 87 86
11 88 16
11 89 24
11 90 30
11 91 85
11 92 99
11 93 53
11 94 77
11 95 4
11 96 68
11 97 83
11 98 64
11 99 46
11 100 61
12 13 12
12 14 46
12 15 72
12 16 23
12 17 97
12 18 33
12 19 96
12 20 13
12 21 0
12 22 97
12 23 38
12 24 87
12 25 26
12 26 57
12 27 41
12 28 53
12 29 12
12 30 65
12 31 52
12 32 46
12 33 82
12 34 55
12 35 34
12 36 21
12 37 74
12 38 77
12 39 4
12 40 1
12 41 93
12 42 39
12 43 22
12 44 75
12 45 53
12 46 50
12 47 88
12 48 7
12 49 86
12 50 24
12 51 82
12 52 69
12 53 2
12 54 19
12 55 12
12 56 81
12 57 51
12 58 23
12 59 66
12 60 98
12 61 89
12 62 6
12 63 90
12 64 31
12 65 16
12 66 3
12 67 64
12 68 55
12 69 90
12 70 42
12 71 45
12 72 79
12 73 80
12 74 93
12 75 22
12 76 86
12 77 81
12 78 2
12 79 15
12 80 30
12 81 83
12 82 99
12 83 69
12 84 7
12 85 75
12 86 19
12 87 15
12 88 79
12 89 23
12 90 66
12 91 82
12 92 49
12 93 58
12 94 80
12 95 80
12 96 51
12 97 35
12 98 52
12 99 62
12 100 67
13 14 12
13 15 71
13 16 11
13 17 51
13 18 59
13 19 43
13 20 88
13 21 41
13 22 87
13 23 57
13 24 67
13 25 9
13 26 5
13 27 80
13 28 61
13 29 72
13 30 99
13 31 38
13 32 99
13 33 68
13 34 32
13 35 82
13 36 15
13 37 89
13 38 55
13 39 96
13 40 29
13 41 40
13 42 5
13 43 57
13 44 73
13 45 99
13 46 58
13 47 60
13 48 95
13 49 94
13 50 49
13 51 73
13 52 26
13 53 23
13 54 24
13 55 81
13 56 45
13 57 10
13 58 19
13 59 91
13 60 27
13 61 57
13 62 3
13 63 60
13 64 77
13 65 45
13 66 63
13 67 31
13 68 47
13 69 40
13 70 33
13 71 25
13 72 79
13 73 77
13 74 59
13 75 79
13 76 71
13 77 100
13 78 36
13 79 27
13 80 36
13 81 67
13 82 84
13 83 67
13 84 81
13 85 66
13 86 95
13 87 23
13 88 41
13 89 86
13 90 5
13 91 63
13 92 39
13 93 0
13 94 70
13 95 33
13 96 76
13 97 93
13 98 38
13 99 81
13 100 77
14 15 35
14 16 69
14 17 2
14 18 51
14 19 48
14 20 43
14 21 94
14 22 20
14 23 27
14 24 79
14 25 41
14 26 84
14 27 49
14 28 4
14 29 6
14 30 24
14 31 78
14 32 50
14 33 57
14 34 23
14 35 28
14 36 13
14 37 53
14 38 33
14 39 92
14 40 68
14 41 16
14 42 34
14 43 42
14 44 53
14 45 86
14 46 98
14 47 55
14 48 95
14 49 1
14 50 13
14 51 6
14 52 55
14 53 83
14 54 17
14 55 20
14 56 66
14 57 31
14 58 22
14 59 26
14 60 24
14 61 28
14 62 37
14 63 52
14 64 56
14 65 86
14 66 72
14 67 57
14 68 65
14 69 8
14 70 81
14 71 30
14 72 52
14 73 67
14 74 23
14 75 99
14 76 81
14 77 92
14 78 45
14 79 90
14 80 49
14 81 59
14 82 84
14 83 16
14 84 13
14 85 31
14 86 29
14 87 77
14 88 66
14 89 57
14 90 65
14 91 77
14 92 94
14 93 49
14 94 15
14 95 39
14 96 46
14 97 3
14 98 36
14 99 23
14 100 92
15 16 28
15 17 6
15 18 22
15 19 27
15 20 68
15 21 69
15 22 54
15 23 84
15 24 76
15 25 29
15 26 87
15 27 42
15 28 45
15 29 10
15 30 10
15 31 5
15 32 48
15 33 90
15 34 24
15 35 28
15 36 66
15 37 43
15 38 36
15 39 54
15 40 25
15 41 63
15 42 28
15 43 67
15 44 89
15 45 9
15 46 3
15 47 23
15 48 31
15 49 60
15 50 22
15 51 62
15 52 2
15 53 27
15 54 23
15 55 76
15 56 89
15 57 7
15 58 32
15 59 94
15 60 41
15 61 69
15 62 96
15 63 13
15 64 36
15 65 5
15 66 74
15 67 68
15 68 54
15 69 12
15 70 14
15 71 96
15 72 19
15 73 12
15 74 12
15 75 94
15 76 71
15 77 7
15 78 86
15 79 23
15 80 0
15 81 68
15 82 1
15 83 16
15 84 36
15 85 58
15 86 18
15 87 50
15 88 14
15 89 54
15 90 20
15 91 87
15 92 94
15 93 41
15 94 47
15 95 21
15 96 89
15 97 90
15 98 55
15 99 53
15 100 20
16 17 43
16 18 52
16 19 37
16 20 10
16 21 0
16 22 31
16 23 17
16 24 56
16 25 16
16 26 90
16 27 91
16 28 40
16 29 90
16 30 65
16 31 92
16 32 62
16 33 41
16 34 41
16 35 8
16 36 94
16 37 94
16 38 98
16 39 9
16 40 18
16 41 42
16 42 88
16 43 45
16 44 82
16 45 24
16 46 21
16 47 35
16 48 70
16 49 76
16 50 61
16 51 46
16 52 66
16 53 21
16 54 98
16 55 30
16 56 41
16 57 12
16 58 19
16 59 75
16 60 61
16 61 65
16 62 21
16 63 57
16 64 8
16 65 1
16 66 64
16 67 53
16 68 66
16 69 32
16 70 83
16 71 30
16 72 40
16 73 36
16 74 47
16 75 7
16 76 80
16 77 27
16 78 94
16 79 14
16 80 5
16 81 9
16 82 21
16 83 88
16 84 3
16 85 64
16 86 14
16 87 24
16 88 24
16 89 5
16 90 16
16 91 63
16 92 60
16 93 57
16 94 41
16 95 35
16 96 93
16 97 73
16 98 13
16 99 2
16 100 98
17 18 68
17 19 2
17 20 43
17 21 65
17 22 58
17 23 8
17 24 28
17 25 40
17 26 50
17 27 9
17 28 19
17 29 37
17 30 49
17 31 27
17 32 66
17 33 5
17 34 90
17 35 69
17 36 90
17 37 46
17 38 22
17 39 58
17 40 42
17 41 96
17 42 79
17 43 18
17 44 15
17 45 72
17 46 6
17 47 23
17 48 1
17 49 96
17 50 72
17 51 5
17 52 26
17 53 0
17 54 51
17 55 66
17 56 5
17 57 95
17 58 0
17 59 32
17 60 2
17 61 96
17 62 21
17 63 11
17 64 55
17 65 64
17 66 61
17 67 3
17 68 45
17 69 45
17 70 72
17 71 5
17 72 62
17 73 76
17 74 50
17 75 74
17 76 38
17 77 72
17 78 51
17 79 81
17 80 66
17 81 85
17 82 25
17 83 47
17 84 43
17 85 25
17 86 32
17 87 27
17 88 21
17 89 18
17 90 91
17 91 17
17 92 49
17 93 84
17 94 19
17 95 54
17 96 9
17 97 5
17 98 55
17 99 7
17 100 7
18 19 78
18 20 44
18 21 1
18 22 1
18 23 80
18 24 18
18 25 34
18 26 4
18 27 84
18 28 16
18 29 20
18 30 55
18 31 12
18 32 63
18 33 51
18 34 17
18 35 35
18 36 84
18 37 55
18 38 92
18 39 52
18 40 7
18 41 19
18 42 4
18 43 1
18 44 85
18 45 90
18 46 70
18 47 3
18 48 96
18 49 34
18 50 77
18 51 22
18 52 10
18 53 39
18 54 40
18 55 43
18 56 89
18 57 25
18 58 92
18 59 84
18 60 70
18 61 5
18 62 66
18 63 18
18 64 43
18 65 52
18 66 78
18 67 73
18 68 25
18 69 53
18 70 37
18 71 23
18 72 47
18 73 64
18 74 83
18 75 4
18 76 37
18 77 46
18 78 94
18 79 74
18 80 31
18 81 14
18 82 26
18 83 91
18 84 17
18 85 49
18 86 74
18 87 38
18 88 37
18 89 98
18 90 5
18 91 21
18 92 79
18 93 56
18 94 33
18 95 79
18 96 10
18 97 85
18 98 47
18 99 99
18 100 33
19 20 15
19 21 62
19 22 75
19 23 14
19 24 9
19 25 90
19 26 96
19 27 56
19 28 58
19 29 7
19 30 76
19 31 27
19 32 57
19 33 11
19 34 16
19 35 6
19 36 78
19 37 85
19 38 57
19 39 89
19 40 21
19 41 52
19 42 88
19 43 5
19 44 57
19 45 72
19 46 100
19 47 59
19 48 25
19 49 0
19 50 91
19 51 22
19 52 69
19 53 5
19 54 68
19 55 7
19 56 60
19 57 42
19 58 97
19 59 48
19 60 89
19 61 22
19 62 70
19 63 76
19 64 76
19 65 34
19 66 2
19 67 61
19 68 71
19 69 90
19 70 16
19 71 56
19 72 78
19 73 84
19 74 18
19 75 86
19 76 11
19 77 53
19 78 95
19 79 92
19 80 62
19 81 28
19 82 100
19 83 47
19 84 65
19 85 71
19 86 6
19 87 40
19 88 3
19 89 73
19 90 68
19 91 23
19 92 22
19 93 40
19 94 24
19 95 36
19 96 44
19 97 29
19 98 92
19 99 41
19 100 46
20 21 68
20 22 32
20 23 75
20 24 74
20 25 41
20 26 6
20 27 79
20 28 50
20 29 90
20 30 36
20 31 23
20 32 24
20 33 29
20 34 12
20 35 63
20 36 14
20 37 97
20 38 93
20 39 46
20 40 64
20 41 84
20 42 91
20 43 44
20 44 0
20 45 75
20 46 72
20 47 72
20 48 51
20 49 30
20 50 82
20 51 62
20 52 22
20 53 32
20 54 29
20 55 50
20 56 42
20 57 27
20 58 91
20 59 50
20 60 66
20 61 29
20 62 97
20 63 80
20 64 24
20 65 60
20 66 50
20 67 69
20 68 4
20 69 44
20 70 11
20 71 38
20 72 73
20 73 2
20 74 27
20 75 29
20 76 13
20 77 90
20 78 89
20 79 49
20 80 72
20 81 64
20 82 21
20 83 38
20 84 85
20 85 38
20 86 28
20 87 49
20 88 83
20 89 59
20 90 82
20 91 26
20 92 98
20 93 39
20 94 11
20 95 74
20 96 83
20 97 14
20 98 49
20 99 58
20 100 73
21 22 82
21 23 85
21 24 19
21 25 31
21 26 30
21 27 84
21 28 99
21 29 6
21 30 78
21 31 91
21 32 40
21 33 89
21 34 34
21 35 64
21 36 9
21 37 23
21 38 31
21 39 58
21 40 23
21 41 46
21 42 48
21 43 44
21 44 90
21 45 40
21 46 11
21 47 59
21 48 58
21 49 0
21 50 72
21 51 38
21 52 46
21 53 9
21 54 73
21 55 39
21 56 53
21 57 75
21 58 73
21 59 16
21 60 10
21 61 15
21 62 50
21 63 98
21 64 48
21 65 51
21 66 86
21 67 29
21 68 1
21 69 93
21 70 56
21 71 75
21 72 75
21 73 32
21 74 36
21 75 15
21 76 56
21 77 47
21 78 36
21 79 83
21 80 77
21 81 87
21 82 54
21 83 46
21 84 77
21 85 54
21 86 4
21 87 0
21 88 67
21 89 99
21 90 98
21 91 15
21 92 46
21 93 7
21 94 34
21 95 63
21 96 28
21 97 34
21 98 45
21 99 15
21 100 25
22 23 62
22 24 60
22 25 41
22 26 65
22 27 12
22 28 69
22 29 55
22 30 2
22 31 91
22 32 93
22 33 97
22 34 18
22 35 15
22 36 18
22 37 24
22 38 56
22 39 16
22 40 58
22 41 72
22 42 43
22 43 67
22 44 55
22 45 54
22 46 51
22 47 82
22 48 46
22 49 11
22 50 52
22 51 34
22 52 83
22 53 72
22 54 54
22 55 65
22 56 45
22 57 30
22 58 80
22 59 95
22 60 69
22 61 59
22 62 54
22 63 83
22 64 35
22 65 80
22 66 77
22 67 10
22 68 31
22 69 1
22 70 37
22 71 20
22 72 82
22 73 66
22 74 56
22 75 75
22 76 89
22 77 91
22 78 86
22 79 53
22 80 1
22 81 43
22 82 92
22 83 45
22 84 28
22 85 74
22 86 91
22 87 63
22 88 44
22 89 86
22 90 50
22 91 33
22 92 21
22 93 7
22 94 6
22 95 70
22 96 80
22 97 96
22 98 7
22 99 82
22 100 91
23 24 94
23 25 76
23 26 71
23 27 46
23 28 60
23 29 15
23 30 24
23 31 24
23 32 55
23 33 14
23 34 76
23 35 79
23 36 40
23 37 48
23 38 10
23 39 19
23 40 60
23 41 51
23 42 8
23 43 83
23 44 90
23 45 30
23 46 82
23 47 23
23 48 37
23 49 41
23 50 61
23 51 97
23 52 6
23 53 0
23 54 75
23 55 19
23 56 19
23 57 42
23 58 28
23 59 8
23 60 99
23 61 100
23 62 8
23 63 94
23 64 25
23 65 55
23 66 22
23 67 78
23 68 55
23 69 33
23 70 32
23 71 90
23 72 24
23 73 85
23 74 14
23 75 54
23 76 70
23 77 25
23 78 95
23 79 9
23 80 90
23 81 94
23 82 30
23 83 72
23 84 27
23 85 33
23 86 48
23 87 21
23 88 60
23 89 47
23 90 46
23 91 38
23 92 48
23 93 77
23 94 37
23 95 26
23 96 85
23 97 85
23 98 28
23 99 52
23 100 81
24 25 33
24 26 89
24 27 11
24 28 71
24 29 22
24 30 60
24 31 77
24 32 10
24 33 29
24 34 100
24 35 89
24 36 97
24 37 93
24 38 50
24 39 27
24 40 16
24 41 89
24 42 75
24 43 23
24 44 11
24 45 46
24 46 45
24 47 10
24 48 4
24 49 14
24 50 34
24 51 29
24 52 4
24 53 26
24 54 23
24 55 31
24 56 62
24 57 99
24 58 83
24 59 82
24 60 48
24 61 0
24 62 27
24 63 66
24 64 7
24 65 12
24 66 14
24 67 9
24 68 32
24 69 92
24 70 36
24 71 34
24 72 42
24 73 90
24 74 100
24 75 28
24 76 45
24 77 92
24 78 22
24 79 45
24 80 78
24 81 12
24 82 90
24 83 89
24 84 93
24 85 49
24 86 53
24 87 56
24 88 31
24 89 53
24 90 100
24 91 28
24 92 48
24 93 79
24 94 15
24 95 15
24 96 31
24 97 28
24 98 33
24 99 57
24 100 35
25 26 68
25 27 84
25 28 97
25 29 94
25 30 19
25 31 63
25 32 16
25 33 24
25 34 95
25 35 5
25 36 0
25 37 70
25 38 45
25 39 54
25 40 58
25 41 56
25 42 100
25 43 46
25 44 39
25 45 3
25 46 4
25 47 60
25 48 17
25 49 30
25 50 66
25 51 9
25 52 46
25 53 54
25 54 79
25 55 7
25 56 80
25 57 9
25 58 51
25 59 5
25 60 35
25 61 73
25 62 68
25 63 68
25 64 53
25 65 35
25 66 87
25 67 88
25 68 9
25 69 0
25 70 33
25 71 43
25 72 49
25 73 26
25 74 58
25 75 62
25 76 50
25 77 24
25 78 84
25 79 99
25 80 8
25 81 67
25 82 14
25 83 75
25 84 6
25 85 70
25 86 54
25 87 82
25 88 85
25 89 52
25 90 93
25 91 76
25 92 6
25 93 55
25 94 28
25 95 19
25 96 55
25 97 78
25 98 27
25 99 71
25 100 1
26 27 63
26 28 53
26 29 56
26 30 13
26 31 58
26 32 31
26 33 54
26 34 57
26 35 27
26 36 17
26 37 54
26 38 25
26 39 18
26 40 33
26 41 29
26 42 37
26 43 33
26 44 14
26 45 44
26 46 73
26 47 44
26 48 52
26 49 90
26 50 1
26 51 73
26 52 81
26 53 28
26 54 52
26 55 96
26 56 27
26 57 14
26 58 11
26 59 10
26 60 2
26 61 64
26 62 36
26 63 29
26 64 73
26 65 97
26 66 60
26 67 31
26 68 40
26 69 0
26 70 61
26 71 19
26 72 24
26 73 33
26 74 50
26 75 19
26 76 28
26 77 29
26 78 28
26 79 13
26 80 83
26 81 82
26 82 39
26 83 27
26 84 83
26 85 7
26 86 41
26 87 48
26 88 4
26 89 32
26 90 70
26 91 26
26 92 92
26 93 8
26 94 18
26 95 9
26 96 3
26 97 3
26 98 76
26 99 44
26 100 6
27 28 7
27 29 65
27 30 37
27 31 56
27 32 79
27 33 87
27 34 17
27 35 43
27 36 90
27 37 65
27 38 16
27 39 26
27 40 41
27 41 98
27 42 91
27 43 21
27 44 85
27 45 24
27 46 74
27 47 28
27 48 29
27 49 99
27 50 31
27 51 63
27 52 84
27 53 55
27 54 24
27 55 4
27 56 17
27 57 92
27 58 9
27 59 46
27 60 16
27 61 74
27 62 64
27 63 38
27 64 27
27 65 16
27 66 62
27 67 17
27 68 4
27 69 38
27 70 71
27 71 62
27 72 78
27 73 37
27 74 52
27 75 14
27 76 54
27 77 80
27 78 58
27 79 75
27 80 60
27 81 5
27 82 65
27 83 15
27 84 6
27 85 31
27 86 15
27 87 61
27 88 56
27 89 26
27 90 66
27 91 94
27 92 76
27 93 14
27 94 81
27 95 97
27 96 60
27 97 68
27 98 82
27 99 33
27 100 49
28 29 74
28 30 80
28 31 50
28 32 48
28 33 73
28 34 98
28 35 40
28 36 77
28 37 44
28 38 73
28 39 41
28 40 16
28 41 27
28 42 33
28 43 58
28 44 86
28 45 64
28 46 80
28 47 81
28 48 54
28 49 31
28 50 15
28 51 8
28 52 72
28 53 14
28 54 8
28 55 69
28 56 72
28 57 93
28 58 64
28 59 41
28 60 95
28 61 93
28 62 10
28 63 48
28 64 85
28 65 43
28 66 44
28 67 0
28 68 82
28 69 67
28 70 31
28 71 25
28 72 26
28 73 90
28 74 38
28 75 62
28 76 93
28 77 88
28 78 7
28 79 51
28 80 69
28 81 9
28 82 83
28 83 57
28 84 34
28 85 74
28 86 33
28 87 21
28 88 35
28 89 39
28 90 37
28 91 37
28 92 49
28 93 25
28 94 93
28 95 89
28 96 17
28 97 3
28 98 3
28 99 4
28 100 52
29 30 54
29 31 26
29 32 51
29 33 53
29 34 68
29 35 44
29 36 29
29 37 78
29 38 66
29 39 4
29 40 84
29 41 68
29 42 86
29 43 79
29 44 79
29 45 41
29 46 94
29 47 67
29 48 30
29 49 60
29 50 51
29 51 90
29 52 45
29 53 34
29 54 66
29 55 52
29 56 32
29 57 4
29 58 57
29 59 86
29 60 57
29 61 7
29 62 85
29 63 10
29 64 70
29 65 32
29 66 13
29 67 6
29 68 41
29 69 67
29 70 55
29 71 87
29 72 17
29 73 30
29 74 56
29 75 68
29 76 58
29 77 27
29 78 38
29 79 66
29 80 85
29 81 50
29 82 62
29 83 41
29 84 5
29 85 50
29 86 66
29 87 75
29 88 15
29 89 81
29 90 20
29 91 53
29 92 52
29 93 95
29 94 73
29 95 74
29 96 80
29 97 44
29 98 86
29 99 90
29 100 6
30 31 26
30 32 8
30 33 3
30 34 67
30 35 55
30 36 43
30 37 31
30 38 27
30 39 12
30 40 57
30 41 62
30 42 97
30 43 6
30 44 41
30 45 52
30 46 46
30 47 97
30 48 2
30 49 78
30 50 16
30 51 63
30 52 64
30 53 24
30 54 40
30 55 49
30 56 4
30 57 95
30 58 74
30 59 23
30 60 95
30 61 30
30 62 37
30 63 92
30 64 51
30 65 24
30 66 45
30 67 40
30 68 93
30 69 70
30 70 13
30 71 83
30 72 64
30 73 39
30 74 30
30 75 59
30 76 98
30 77 90
30 78 68
30 79 10
30 80 14
30 81 12
30 82 53
30 83 6
30 84 97
30 85 31
30 86 43
30 87 16
30 88 19
30 89 43
30 90 17
30 91 39
30 92 97
30 93 5
30 94 57
30 95 56
30 96 73
30 97 10
30 98 64
30 99 16
30 100 46
31 32 44
31 33 53
31 34 26
31 35 56
31 36 73
31 37 73
31 38 84
31 39 28
31 40 36
31 41 59
31 42 4
31 43 56
31 44 12
31 45 53
31 46 36
31 47 90
31 48 89
31 49 1
31 50 65
31 51 83
31 52 72
31 53 40
31 54 47
31 55 28
31 56 38
31 57 53
31 58 82
31 59 66
31 60 84
31 61 20
31 62 62
31 63 68
31 64 65
31 65 75
31 66 29
31 67 90
31 68 51
31 69 47
31 70 8
31 71 5
31 72 32
31 73 40
31 74 35
31 75 96
31 76 60
31 77 77
31 78 19
31 79 98
31 80 44
31 81 86
31 82 88
31 83 54
31 84 5
31 85 86
31 86 74
31 87 8
31 88 33
31 89 70
31 90 88
31 91 29
31 92 31
31 93 94
31 94 67
31 95 97
31 96 32
31 97 70
31 98 37
31 99 12
31 100 40
32 33 54
32 34 10
32 35 21
32 36 52
32 37 27
32 38 93
32 39 75
32 40 3
32 41 36
32 42 63
32 43 75
32 44 11
32 45 75
32 46 32
32 47 57
32 48 66
32 49 9
32 50 99
32 51 9
32 52 12
32 53 62
32 54 49
32 55 85
32 56 77
32 57 100
32 58 77
32 59 74
32 60 92
32 61 86
32 62 78
32 63 92
32 64 98
32 65 100
32 66 84
32 67 91
32 68 43
32 69 21
32 70 23
32 71 98
32 72 57
32 73 77
32 74 96
32 75 29
32 76 57
32 77 88
32 78 32
32 79 22
32 80 50
32 81 93
32 82 94
32 83 99
32 84 97
32 85 65
32 86 6
32 87 62
32 88 26
32 89 60
32 90 64
32 91 79
32 92 46
32 93 74
32 94 3
32 95 87
32 96 1
32 97 52
32 98 30
32 99 89
32 100 37
33 34 47
33 35 52
33 36 13
33 37 28
33 38 28
33 39 18
33 40 44
33 41 84
33 42 40
33 43 77
33 44 84
33 45 10
33 46 24
33 47 67
33 48 92
33 49 80
33 50 33
33 51 99
33 52 0
33 53 27
33 54 12
33 55 22
33 56 84
33 57 80
33 58 86
33 59 1
33 60 50
33 61 92
33 62 98
33 63 58
33 64 30
33 65 11
33 66 27
33 67 99
33 68 75
33 69 76
33 70 31
33 71 41
33 72 70
33 73 42
33 74 64
33 75 7
33 76 45
33 77 14
33 78 43
33 79 74
33 80 35
33 81 38
33 82 13
33 83 98
33 84 9
33 85 99
33 86 91
33 87 19
33 88 49
33 89 47
33 90 39
33 91 16
33 92 68
33 93 28
33 94 1
33 95 76
33 96 19
33 97 83
33 98 68
33 99 5
33 100 92
34 35 72
34 36 86
34 37 40
34 38 38
34 39 46
34 40 72
34 41 64
34 42 57
34 43 7
34 44 41
34 45 61
34 46 24
34 47 55
34 48 29
34 49 88
34 50 36
34 51 75
34 52 57
34 53 41
34 54 28
34 55 28
34 56 56
34 57 63
34 58 59
34 59 39
34 60 34
34 61 17
34 62 84
34 63 32
34 64 53
34 65 79
34 66 30
34 67 11
34 68 17
34 69 87
34 70 26
34 71 96
34 72 39
34 73 69
34 74 0
34 75 59
34 76 61
34 77 9
34 78 10
34 79 92
34 80 79
34 81 78
34 82 74
34 83 1
34 84 73
34 85 5
34 86 2
34 87 41
34 88 66
34 89 30
34 90 20
34 91 1
34 92 98
34 93 40
34 94 71
34 95 75
34 96 45
34 97 37
34 98 75
34 99 77
34 100 52
35 36 39
35 37 91
35 38 67
35 39 8
35 40 45
35 41 100
35 42 74
35 43 24
35 44 16
35 45 100
35 46 32
35 47 99
35 48 10
35 49 40
35 50 12
35 51 14
35 52 11
35 53 21
35 54 65
35 55 17
35 56 24
35 57 66
35 58 12
35 59 9
35 60 26
35 61 16
35 62 69
35 63 7
35 64 58
35 65 55
35 66 37
35 67 69
35 68 82
35 69 94
35 70 22
35 71 12
35 72 52
35 73 64
35 74 72
35 75 14
35 76 16
35 77 9
35 78 35
35 79 75
35 80 73
35 81 23
35 82 95
35 83 87
35 84 26
35 85 29
35 86 64
35 87 22
35 88 67
35 89 56
35 90 84
35 91 46
35 92 43
35 93 95
35 94 62
35 95 7
35 96 30
35 97 32
35 98 58
35 99 10
35 100 61
36 37 18
36 38 60
36 39 4
36 40 61
36 41 39
36 42 76
36 43 57
36 44 39
36 45 4
36 46 9
36 47 35
36 48 70
36 49 100
36 50 44
36 51 33
36 52 63
36 53 13
36 54 66
36 55 29
36 56 6
36 57 37
36 58 6
36 59 44
36 60 99
36 61 11
36 62 56
36 63 74
36 64 33
36 65 10
36 66 31
36 67 78
36 68 63
36 69 45
36 70 88
36 71 90
36 72 67
36 73 4
36 74 26
36 75 22
36 76 35
36 77 36
36 78 22
36 79 27
36 80 89
36 81 98
36 82 23
36 83 34
36 84 15
36 85 72
36 86 38
36 87 39
36 88 79
36 89 60
36 90 65
36 91 6
36 92 50
36 93 93
36 94 53
36 95 37
36 96 67
36 97 22
36 98 86
36 99 47
36 100 61
37 38 72
37 39 69
37 40 17
37 41 7
37 42 71
37 43 61
37 44 89
37 45 50
37 46 13
37 47 81
37 48 40
37 49 55
37 50 50
37 51 45
37 52 9
37 53 83
37 54 58
37 55 88
37 56 39
37 57 50
37 58 74
37 59 34
37 60 51
37 61 9
37 62 63
37 63 15
37 64 59
37 65 65
37 66 68
37 67 30
37 68 22
37 69 22
37 70 100
37 71 54
37 72 6
37 73 10
37 74 88
37 75 23
37 76 88
37 77 17
37 78 35
37 79 49
37 80 5
37 81 71
37 82 68
37 83 75
37 84 74
37 85 24
37 86 13
37 87 32
37 88 7
37 89 17
37 90 39
37 91 5
37 92 67
37 93 62
37 94 94
37 95 94
37 96 11
37 97 40
37 98 96
37 99 0
37 100 46
38 39 7
38 40 59
38 41 3
38 42 21
38 43 3
38 44 2
38 45 62
38 46 25
38 47 51
38 48 29
38 49 38
38 50 59
38 51 55
38 52 4
38 53 60
38 54 61
38 55 77
38 56 62
38 57 84
38 58 48
38 59 0
38 60 77
38 61 96
38 62 63
38 63 37
38 64 69
38 65 76
38 66 99
38 67 100
38 68 15
38 69 53
38 70 99
38 71 45
38 72 12
38 73 83
38 74 61
38 75 88
38 76 57
38 77 16
38 78 68
38 79 88
38 80 47
38 81 67
38 82 36
38 83 20
38 84 3
38 85 40
38 86 14
38 87 16
38 88 21
38 89 33
38 90 15
38 91 24
38 92 32
38 93 4
38 94 97
38 95 69
38 96 17
38 97 53
38 98 54
38 99 70
38 100 39
39 40 98
39 41 82
39 42 8
39 43 92
39 44 93
39 45 76
39 46 47
39 47 37
39 48 54
39 49 10
39 50 19
39 51 32
39 52 87
39 53 77
39 54 48
39 55 99
39 56 85
39 57 38
39 58 48
39 59 11
39 60 66
39 61 66
39 62 93
39 63 48
39 64 31
39 65 94
39 66 65
39 67 81
39 68 82
39 69 23
39 70 42
39 71 47
39 72 50
39 73 92
39 74 4
39 75 22
39 76 69
39 77 90
39 78 43
39 79 10
39 80 29
39 81 22
39 82 5
39 83 14
39 84 13
39 85 37
39 86 78
39 87 2
39 88 77
39 89 27
39 90 50
39 91 97
39 92 13
39 93 86
39 94 50
39 95 28
39 96 49
39 97 64
39 98 50
39 99 90
39 100 49
40 41 93
40 42 29
40 43 72
40 44 40
40 45 28
40 46 26
40 47 86
40 48 13
40 49 21
40 50 23
40 51 40
40 52 81
40 53 54
40 54 79
40 55 8
40 56 52
40 57 81
40 58 47
40 59 12
40 60 33
40 61 92
40 62 73
40 63 75
40 64 60
40 65 2
40 66 27
40 67 71
40 68 39
40 69 77
40 70 37
40 71 18
40 72 56
40 73 49
40 74 59
40 75 6
40 76 16
40 77 31
40 78 21
40 79 80
40 80 29
40 81 8
40 82 18
40 83 68
40 84 87
40 85 41
40 86 94
40 87 12
40 88 90
40 89 3
40 90 35
40 91 45
40 92 69
40 93 82
40 94 85
40 95 98
40 96 38
40 97 99
40 98 68
40 99 37
40 100 8
41 42 12
41 43 91
41 44 20
41 45 68
41 46 82
41 47 33
41 48 4
41 49 74
41 50 86
41 51 19
41 52 22
41 53 13
41 54 54
41 55 5
41 56 68
41 57 97
41 58 52
41 59 84
41 60 84
41 61 11
41 62 81
41 63 48
41 64 16
41 65 17
41 66 34
41 67 87
41 68 86
41 69 19
41 70 59
41 71 69
41 72 94
41 73 95
41 74 95
41 75 39
41 76 12
41 77 33
41 78 9
41 79 64
41 80 88
41 81 55
41 82 50
41 83 65
41 84 70
41 85 84
41 86 1
41 87 88
41 88 64
41 89 36
41 90 54
41 91 63
41 92 54
41 93 66
41 94 8
41 95 43
41 96 63
41 97 66
41 98 16
41 99 67
41 100 87
42 43 25
42 44 38
42 45 33
42 46 46
42 47 37
42 48 23
42 49 80
42 50 0
42 51 17
42 52 88
42 53 60
42 54 31
42 55 80
42 56 38
42 57 55
42 58 62
42 59 57
42 60 74
42 61 52
42 62 29
42 63 67
42 64 100
42 65 25
42 66 0
42 67 88
42 68 45
42 69 55
42 70 79
42 71 12
42 72 29
42 73 5
42 74 17
42 75 92
42 76 23
42 77 16
42 78 63
42 79 90
42 80 71
42 81 70
42 82 36
42 83 36
42 84 64
42 85 100
42 86 1
42 87 14
42 88 10
42 89 11
42 90 44
42 91 44
42 92 69
42 93 82
42 94 91
42 95 33
42 96 65
42 97 4
42 98 33
42 99 83
42 100 8
43 44 67
43 45 61
43 46 17
43 47 21
43 48 71
43 49 80
43 50 79
43 51 60
43 52 65
43 53 68
43 54 48
43 55 52
43 56 49
43 57 82
43 58 72
43 59 46
43 60 11
43 61 55
43 62 7
43 63 16
43 64 28
43 65 62
43 66 84
43 67 93
43 68 95
43 69 31
43 70 89
43 71 44
43 72 35
43 73 26
43 74 99
43 75 14
43 76 87
43 77 83
43 78 18
43 79 59
43 80 49
43 81 25
43 82 100
43 83 81
43 84 21
43 85 90
43 86 10
43 87 10
43 88 32
43 89 22
43 90 42
43 91 25
43 92 78
43 93 42
43 94 84
43 95 38
43 96 10
43 97 50
43 98 42
43 99 42
43 100 61
44 45 27
44 46 20
44 47 14
44 48 34
44 49 9
44 50 46
44 51 56
44 52 84
44 53 12
44 54 82
44 55 59
44 56 62
44 57 52
44 58 46
44 59 47
44 60 79
44 61 74
44 62 76
44 63 51
44 64 36
44 65 85
44 66 54
44 67 56
44 68 45
44 69 37
44 70 34
44 71 23
44 72 1
44 73 37
44 74 63
44 75 90
44 76 42
44 77 74
44 78 9
44 79 69
44 80 24
44 81 86
44 82 42
44 83 61
44 84 57
44 85 100
44 86 26
44 87 76
44 88 34
44 89 98
44 90 41
44 91 49
44 92 88
44 93 96
44 94 77
44 95 43
44 96 99
44 97 28
44 98 74
44 99 44
44 100 12
45 46 63
45 47 0
45 48 77
45 49 74
45 50 21
45 51 77
45 52 58
45 53 24
45 54 35
45 55 52
45 56 53
45 57 92
45 58 90
45 59 27
45 60 21
45 61 46
45 62 55
45 63 45
45 64 27
45 65 72
45 66 56
45 67 22
45 68 6
45 69 18
45 70 67
45 71 71
45 72 30
45 73 64
45 74 91
45 75 87
45 76 45
45 77 98
45 78 77
45 79 47
45 80 39
45 81 20
45 82 90
45 83 36
45 84 60
45 85 25
45 86 37
45 87 1
45 88 75
45 89 6
45 90 21
45 91 35
45 92 3
45 93 90
45 94 43
45 95 1
45 96 87
45 97 36
45 98 66
45 99 1
45 100 64
46 47 66
46 48 90
46 49 46
46 50 40
46 51 88
46 52 15
46 53 2
46 54 58
46 55 8
46 56 11
46 57 70
46 58 48
46 59 85
46 60 82
46 61 26
46 62 7
46 63 5
46 64 81
46 65 36
46 66 0
46 67 20
46 68 91
46 69 60
46 70 44
46 71 9
46 72 56
46 73 14
46 74 73
46 75 10
46 76 4
46 77 65
46 78 11
46 79 18
46 80 12
46 81 68
46 82 13
46 83 47
46 84 96
46 85 26
46 86 61
46 87 40
46 88 82
46 89 85
46 90 13
46 91 81
46 92 48
46 93 79
46 94 37
46 95 58
46 96 48
46 97 12
46 98 49
46 99 94
46 100 85
47 48 10
47 49 9
47 50 71
47 51 72
47 52 15
47 53 97
47 54 1
47 55 93
47 56 53
47 57 84
47 58 69
47 59 52
47 60 67
47 61 69
47 62 8
47 63 62
47 64 44
47 65 81
47 66 92
47 67 41
47 68 75
47 69 88
47 70 90
47 71 54
47 72 6
47 73 91
47 74 16
47 75 70
47 76 21
47 77 53
47 78 67
47 79 16
47 80 40
47 81 53
47 82 44
47 83 87
47 84 48
47 85 48
47 86 8
47 87 84
47 88 30
47 89 47
47 90 4
47 91 24
47 92 73
47 93 94
47 94 75
47 95 43
47 96 20
47 97 62
47 98 25
47 99 85
47 100 92
48 49 26
48 50 32
48 51 20
48 52 86
48 53 46
48 54 9
48 55 33
48 56 41
48 57 89
48 58 77
48 59 54
48 60 94
48 61 53
48 62 33
48 63 1
48 64 19
48 65 92
48 66 51
48 67 57
48 68 99
48 69 58
48 70 63
48 71 98
48 72 4
48 73 18
48 74 39
48 75 50
48 76 1
48 77 52
48 78 38
48 79 17
48 80 73
48 81 38
48 82 24
48 83 17
48 84 53
48 85 81
48 86 52
48 87 99
48 88 100
48 89 4
48 90 10
48 91 80
48 92 71
48 93 52
48 94 5
48 95 65
48 96 98
48 97 59
48 98 14
48 99 52
48 100 25
49 50 7
49 51 48
49 52 57
49 53 55
49 54 48
49 55 13
49 56 49
49 57 38
49 58 24
49 59 93
49 60 16
49 61 44
49 62 15
49 63 34
49 64 70
49 65 56
49 66 50
49 67 14
49 68 91
49 69 2
49 70 47
49 71 22
49 72 32
49 73 43
49 74 2
49 75 79
49 76 19
49 77 6
49 78 53
49 79 49
49 80 25
49 81 77
49 82 27
49 83 76
49 84 51
49 85 15
49 86 41
49 87 59
49 88 35
49 89 10
49 90 50
49 91 33
49 92 43
49 93 6
49 94 69
49 95 79
49 96 80
49 97 69
49 98 8
49 99 62
49 100 93
50 51 91
50 52 15
50 53 27
50 54 54
50 55 53
50 56 1
50 57 4
50 58 90
50 59 31
50 60 22
50 61 7
50 62 41
50 63 61
50 64 42
50 65 16
50 66 100
50 67 4
50 68 77
50 69 43
50 70 62
50 71 40
50 72 8
50 73 73
50 74 33
50 75 55
50 76 92
50 77 53
50 78 46
50 79 3
50 80 87
50 81 80
50 82 27
50 83 58
50 84 80
50 85 41
50 86 99
50 87 19
50 88 6
50 89 38
50 90 96
50 91 78
50 92 83
50 93 82
50 94 85
50 95 12
50 96 11
50 97 92
50 98 41
50 99 79
50 100 79
51 52 67
51 53 50
51 54 45
51 55 32
51 56 94
51 57 65
51 58 36
51 59 69
51 60 3
51 61 4
51 62 29
51 63 33
51 64 44
51 65 37
51 66 7
51 67 59
51 68 81
51 69 94
51 70 77
51 71 89
51 72 82
51 73 39
51 74 72
51 75 21
51 76 70
51 77 58
51 78 18
51 79 77
51 80 83
51 81 14
51 82 36
51 83 95
51 84 83
51 85 47
51 86 84
51 87 2
51 88 28
51 89 56
51 90 97
51 91 27
51 92 51
51 93 61
51 94 40
51 95 100
51 96 89
51 97 100
51 98 66
51 99 12
51 100 85
52 53 43
52 54 87
52 55 62
52 56 82
52 57 73
52 58 46
52 59 49
52 60 96
52 61 94
52 62 26
52 63 20
52 64 75
52 65 97
52 66 12
52 67 59
52 68 66
52 69 97
52 70 43
52 71 75
52 72 52
52 73 41
52 74 54
52 75 18
52 76 79
52 77 93
52 78 16
52 79 81
52 80 89
52 81 55
52 82 67
52 83 4
52 84 94
52 85 45
52 86 16
52 87 25
52 88 2
52 89 21
52 90 100
52 91 12
52 92 14
52 93 94
52 94 8
52 95 77
52 96 91
52 97 94
52 98 4
52 99 7
52 100 43
53 54 21
53 55 37
53 56 76
53 57 22
53 58 100
53 59 67
53 60 86
53 61 99
53 62 75
53 63 57
53 64 97
53 65 2
53 66 51
53 67 1
53 68 17
53 69 89
53 70 54
53 71 21
53 72 80
53 73 61
53 74 61
53 75 72
53 76 2
53 77 81
53 78 23
53 79 15
53 80 24
53 81 32
53 82 8
53 83 0
53 84 78
53 85 17
53 86 81
53 87 85
53 88 9
53 89 13
53 90 56
53 91 37
53 92 72
53 93 68
53 94 66
53 95 93
53 96 88
53 97 55
53 98 48
53 99 36
53 100 44
54 55 21
54 56 30
54 57 58
54 58 31
54 59 85
54 60 34
54 61 60
54 62 5
54 63 35
54 64 90
54 65 27
54 66 78
54 67 93
54 68 97
54 69 84
54 70 77
54 71 99
54 72 68
54 73 91
54 74 6
54 75 29
54 76 1
54 77 41
54 78 77
54 79 17
54 80 10
54 81 100
54 82 77
54 83 28
54 84 35
54 85 23
54 86 4
54 87 68
54 88 29
54 89 59
54 90 0
54 91 90
54 92 90
54 93 34
54 94 12
54 95 70
54 96 36
54 97 82
54 98 92
54 99 5
54 100 3
55 56 33
55 57 73
55 58 3
55 59 92
55 60 68
55 61 67
55 62 10
55 63 100
55 64 51
55 65 26
55 66 74
55 67 47
55 68 74
55 69 16
55 70 99
55 71 96
55 72 95
55 73 93
55 74 18
55 75 11
55 76 7
55 77 7
55 78 15
55 79 24
55 80 13
55 81 99
55 82 47
55 83 72
55 84 22
55 85 18
55 86 39
55 87 22
55 88 49
55 89 27
55 90 2
55 91 32
55 92 81
55 93 35
55 94 82
55 95 16
55 96 24
55 97 51
55 98 35
55 99 63
55 100 67
56 57 57
56 58 18
56 59 81
56 60 79
56 61 61
56 62 67
56 63 90
56 64 25
56 65 14
56 66 81
56 67 11
56 68 11
56 69 43
56 70 24
56 71 93
56 72 10
56 73 85
56 74 72
56 75 78
56 76 48
56 77 69
56 78 19
56 79 23
56 80 43
56 81 28
56 82 46
56 83 90
56 84 31
56 85 16
56 86 86
56 87 56
56 88 98
56 89 62
56 90 75
56 91 12
56 92 31
56 93 70
56 94 58
56 95 11
56 96 28
56 97 56
56 98 97
56 99 48
56 100 26
57 58 2
57 59 84
57 60 70
57 61 74
57 62 64
57 63 83
57 64 77
57 65 21
57 66 15
57 67 51
57 68 58
57 69 74
57 70 8
57 71 67
57 72 30
57 73 51
57 74 97
57 75 80
57 76 23
57 77 79
57 78 45
57 79 19
57 80 45
57 81 52
57 82 46
57 83 60
57 84 79
57 85 60
57 86 51
57 87 43
57 88 83
57 89 45
57 90 71
57 91 8
57 92 24
57 93 65
57 94 78
57 95 96
57 96 29
57 97 33
57 98 34
57 99 25
57 100 27
58 59 72
58 60 87
58 61 12
58 62 71
58 63 23
58 64 61
58 65 17
58 66 93
58 67 41
58 68 58
58 69 63
58 70 4
58 71 19
58 72 89
58 73 45
58 74 10
58 75 24
58 76 96
58 77 39
58 78 88
58 79 7
58 80 18
58 81 75
58 82 84
58 83 72
58 84 14
58 85 0
58 86 2
58 87 61
58 88 54
58 89 12
58 90 78
58 91 99
58 92 71
58 93 42
58 94 45
58 95 22
58 96 91
58 97 80
58 98 60
58 99 99
58 100 84
59 60 5
59 61 24
59 62 12
59 63 14
59 64 25
59 65 49
59 66 66
59 67 37
59 68 44
59 69 41
59 70 38
59 71 87
59 72 95
59 73 21
59 74 70
59 75 69
59 76 3
59 77 89
59 78 47
59 79 72
59 80 26
59 81 79
59 82 80
59 83 88
59 84 32
59 85 58
59 86 9
59 87 42
59 88 62
59 89 0
59 90 34
59 91 39
59 92 38
59 93 98
59 94 24
59 95 92
59 96 38
59 97 47
59 98 24
59 99 1
59 100 72
60 61 66
60 62 20
60 63 40
60 64 34
60 65 32
60 66 59
60 67 36
60 68 82
60 69 69
60 70 53
60 71 49
60 72 85
60 73 87
60 74 20
60 75 69
60 76 58
60 77 44
60 78 4
60 79 33
60 80 92
60 81 19
60 82 14
60 83 75
60 84 31
60 85 87
60 86 70
60 87 94
60 88 54
60 89 57
60 90 10
60 91 31
60 92 41
60 93 20
60 94 55
60 95 68
60 96 93
60 97 80
60 98 63
60 99 35
60 100 95
61 62 9
61 63 19
61 64 30
61 65 72
61 66 65
61 67 52
61 68 61
61 69 89
61 70 30
61 71 47
61 72 60
61 73 74
61 74 92
61 75 5
61 76 66
61 77 72
61 78 25
61 79 14
61 80 16
61 81 69
61 82 77
61 83 78
61 84 93
61 85 100
61 86 15
61 87 6
61 88 67
61 89 90
61 90 5
61 91 14
61 92 11
61 93 4
61 94 46
61 95 13
61 96 95
61 97 13
61 98 8
61 99 5
61 100 59
62 63 66
62 64 48
62 65 23
62 66 28
62 67 59
62 68 17
62 69 55
62 70 35
62 71 5
62 72 56
62 73 89
62 74 89
62 75 49
62 76 76
62 77 29
62 78 95
62 79 25
62 80 5
62 81 7
62 82 29
62 83 61
62 84 29
62 85 37
62 86 12
62 87 43
62 88 4
62 89 22
62 90 14
62 91 31
62 92 98
62 93 89
62 94 82
62 95 62
62 96 6
62 97 25
62 98 76
62 99 70
62 100 52
63 64 29
63 65 95
63 66 70
63 67 8
63 68 58
63 69 83
63 70 56
63 71 95
63 72 28
63 73 9
63 74 71
63 75 55
63 76 26
63 77 17
63 78 98
63 79 23
63 80 51
63 81 89
63 82 10
63 83 87
63 84 26
63 85 60
63 86 39
63 87 18
63 88 73
63 89 90
63 90 2
63 91 4
63 92 32
63 93 13
63 94 21
63 95 84
63 96 68
63 97 60
63 98 42
63 99 36
63 100 37
64 65 47
64 66 62
64 67 24
64 68 22
64 69 29
64 70 68
64 71 27
64 72 71
64 73 83
64 74 74
64 75 20
64 76 6
64 77 0
64 78 67
64 79 84
64 80 69
64 81 24
64 82 70
64 83 77
64 84 86
64 85 51
64 86 35
64 87 88
64 88 81
64 89 99
64 90 61
64 91 64
64 92 9
64 93 20
64 94 87
64 95 79
64 96 50
64 97 37
64 98 14
64 99 17
64 100 19
65 66 25
65 67 77
65 68 13
65 69 10
65 70 96
65 71 72
65 72 12
65 73 20
65 74 53
65 75 43
65 76 55
65 77 48
65 78 70
65 79 93
65 80 9
65 81 90
65 82 55
65 83 44
65 84 31
65 85 73
65 86 83
65 87 36
65 88 79
65 89 72
65 90 19
65 91 87
65 92 66
65 93 74
65 94 19
65 95 99
65 96 39
65 97 73
65 98 57
65 99 36
65 100 93
66 67 25
66 68 76
66 69 23
66 70 65
66 71 2
66 72 44
66 73 88
66 74 35
66 75 60
66 76 95
66 77 35
66 78 59
66 79 14
66 80 10
66 81 93
66 82 98
66 83 22
66 84 77
66 85 33
66 86 53
66 87 31
66 88 7
66 89 37
66 90 44
66 91 49
66 92 69
66 93 95
66 94 87
66 95 54
66 96 0
66 97 19
66 98 32
66 99 22
66 100 72
67 68 46
67 69 78
67 70 31
67 71 57
67 72 16
67 73 81
67 74 78
67 75 47
67 76 64
67 77 53
67 78 62
67 79 83
67 80 6
67 81 86
67 82 46
67 83 40
67 84 60
67 85 44
67 86 22
67 87 45
67 88 9
67 89 11
67 90 37
67 91 14
67 92 66
67 93 5
67 94 73
67 95 100
67 96 60
67 97 1
67 98 82
67 99 97
67 100 15
68 69 47
68 70 87
68 71 22
68 72 80
68 73 54
68 74 24
68 75 88
68 76 10
68 77 42
68 78 93
68 79 64
68 80 65
68 81 79
68 82 59
68 83 10
68 84 23
68 85 52
68 86 87
68 87 77
68 88 70
68 89 50
68 90 40
68 91 47
68 92 50
68 93 50
68 94 4
68 95 95
68 96 81
68 97 40
68 98 95
68 99 1
68 100 13
69 70 98
69 71 82
69 72 36
69 73 14
69 74 25
69 75 67
69 76 20
69 77 14
69 78 54
69 79 78
69 80 26
69 81 51
69 82 48
69 83 75
69 84 96
69 85 42
69 86 6
69 87 99
69 88 25
69 89 49
69 90 98
69 91 54
69 92 60
69 93 83
69 94 71
69 95 14
69 96 59
69 97 72
69 98 97
69 99 80
69 100 17
70 71 30
70 72 65
70 73 50
70 74 28
70 75 97
70 76 46
70 77 5
70 78 61
70 79 57
70 80 66
70 81 59
70 82 94
70 83 84
70 84 43
70 85 86
70 86 64
70 87 26
70 88 40
70 89 15
70 90 52
70 91 96
70 92 29
70 93 86
70 94 74
70 95 36
70 96 7
70 97 76
70 98 93
70 99 32
70 100 56
71 72 3
71 73 77
71 74 95
71 75 3
71 76 7
71 77 66
71 78 87
71 79 52
71 80 32
71 81 96
71 82 35
71 83 90
71 84 47
71 85 99
71 86 63
71 87 29
71 88 72
71 89 96
71 90 85
71 91 72
71 92 8
71 93 58
71 94 87
71 95 55
71 96 100
71 97 34
71 98 83
71 99 1
71 100 34
72 73 26
72 74 45
72 75 11
72 76 1
72 77 9
72 78 49
72 79 36
72 80 40
72 81 69
72 82 76
72 83 72
72 84 84
72 85 14
72 86 58
72 87 24
72 88 43
72 89 65
72 90 62
72 91 28
72 92 85
72 93 17
72 94 32
72 95 25
72 96 87
72 97 39
72 98 96
72 99 65
72 100 94
73 74 5
73 75 61
73 76 71
73 77 57
73 78 95
73 79 36
73 80 7
73 81 43
73 82 29
73 83 97
73 84 63
73 85 37
73 86 10
73 87 26
73 88 54
73 89 52
73 90 46
73 91 82
73 92 2
73 93 4
73 94 97
73 95 72
73 96 37
73 97 80
73 98 28
73 99 5
73 100 99
74 75 49
74 76 64
74 77 31
74 78 32
74 79 9
74 80 85
74 81 91
74 82 31
74 83 25
74 84 15
74 85 28
74 86 73
74 87 63
74 88 62
74 89 5
74 90 64
74 91 81
74 92 57
74 93 59
74 94 64
74 95 20
74 96 18
74 97 65
74 98 35
74 99 43
74 100 99
75 76 1
75 77 1
75 78 6
75 79 47
75 80 91
75 81 32
75 82 57
75 83 17
75 84 21
75 85 14
75 86 19
75 87 78
75 88 44
75 89 98
75 90 89
75 91 41
75 92 72
75 93 49
75 94 53
75 95 24
75 96 65
75 97 12
75 98 66
75 99 57
75 100 29
76 77 92
76 78 54
76 79 3
76 80 42
76 81 47
76 82 70
76 83 32
76 84 0
76 85 20
76 86 10
76 87 38
76 88 73
76 89 60
76 90 82
76 91 38
76 92 75
76 93 19
76 94 18
76 95 81
76 96 93
76 97 63
76 98 82
76 99 34
76 100 59
77 78 42
77 79 25
77 80 47
77 81 40
77 82 42
77 83 21
77 84 22
77 85 60
77 86 65
77 87 30
77 88 58
77 89 46
77 90 39
77 91 60
77 92 31
77 93 74
77 94 80
77 95 95
77 96 88
77 97 77
77 98 54
77 99 7
77 100 41
78 79 88
78 80 17
78 81 85
78 82 62
78 83 46
78 84 87
78 85 38
78 86 65
78 87 4
78 88 11
78 89 51
78 90 32
78 91 39
78 92 68
78 93 90
78 94 97
78 95 77
78 96 44
78 97 67
78 98 81
78 99 33
78 100 76
79 80 47
79 81 24
79 82 54
79 83 98
79 84 36
79 85 34
79 86 7
79 87 59
79 88 2
79 89 84
79 90 61
79 91 49
79 92 50
79 93 79
79 94 84
79 95 52
79 96 78
79 97 8
79 98 3
79 99 39
79 100 98
80 81 85
80 82 83
80 83 87
80 84 99
80 85 8
80 86 71
80 87 93
80 88 3
80 89 80
80 90 93
80 91 92
80 92 78
80 93 60
80 94 63
80 95 26
80 96 9
80 97 61
80 98 72
80 99 43
80 100 93
81 82 19
81 83 38
81 84 4
81 85 82
81 86 87
81 87 32
81 88 35
81 89 29
81 90 74
81 91 54
81 92 28
81 93 6
81 94 24
81 95 76
81 96 95
81 97 98
81 98 87
81 99 43
81 100 71
82 83 79
82 84 70
82 85 19
82 86 77
82 87 29
82 88 31
82 89 80
82 90 21
82 91 56
82 92 58
82 93 99
82 94 0
82 95 14
82 96 95
82 97 75
82 98 99
82 99 78
82 100 61
83 84 81
83 85 14
83 86 3
83 87 85
83 88 91
83 89 14
83 90 77
83 91 40
83 92 30
83 93 33
83 94 88
83 95 50
83 96 42
83 97 91
83 98 57
83 99 34
83 100 11
84 85 42
84 86 5
84 87 39
84 88 81
84 89 40
84 90 21
84 91 79
84 92 42
84 93 31
84 94 95
84 95 78
84 96 2
84 97 69
84 98 99
84 99 40
84 100 86
85 86 98
85 87 56
85 88 87
85 89 88
85 90 82
85 91 57
85 92 78
85 93 85
85 94 51
85 95 50
85 96 98
85 97 45
85 98 89
85 99 52
85 100 27
86 87 88
86 88 71
86 89 90
86 90 13
86 91 84
86 92 39
86 93 66
86 94 89
86 95 27
86 96 67
86 97 55
86 98 66
86 99 78
86 100 38
87 88 42
87 89 6
87 90 76
87 91 57
87 92 96
87 93 56
87 94 96
87 95 99
87 96 41
87 97 14
87 98 27
87 99 13
87 100 80
88 89 4
88 90 16
88 91 4
88 92 1
88 93 27
88 94 74
88 95 84
88 96 92
88 97 71
88 98 80
88 99 55
88 100 16
89 90 13
89 91 67
89 92 81
89 93 40
89 94 27
89 95 55
89 96 68
89 97 71
89 98 58
89 99 8
89 100 30
90 91 61
90 92 80
90 93 7
90 94 12
90 95 58
90 96 62
90 97 39
90 98 21
90 99 39
90 100 22
91 92 76
91 93 69
91 94 25
91 95 45
91 96 93
91 97 70
91 98 90
91 99 27
91 100 16
92 93 77
92 94 48
92 95 47
92 96 62
92 97 5
92 98 27
92 99 45
92 100 92
93 94 9
93 95 4
93 96 95
93 97 67
93 98 72
93 99 92
93 100 31
94 95 87
94 96 57
94 97 33
94 98 71
94 99 98
94 100 57
95 96 34
95 97 92
95 98 3
95 99 37
95 100 20
96 97 67
96 98 36
96 99 12
96 100 30
97 98 78
97 99 7
97 100 60
98 99 93
98 100 43
99 100 64
