101 5050
1 2 41
1 3 30
1 4 44
1 5 43
1 6 55
1 7 3
1 8 9
1 9 40
1 10 42
1 11 52
1 12 28
1 13 68
1 14 45
1 15 85
1 16 1
1 17 38
1 18 24
1 19 86
1 20 69
1 21 38
1 22 28
1 23 32
1 24 88
1 25 34
1 26 37
1 27 58
1 28 97
1 29 80
1 30 50
1 31 39
1 32 59
1 33 81
1 34 28
1 35 34
1 36 74
1 37 84
1 38 29
1 39 43
1 40 2
1 41 7
1 42 28
1 43 38
1 44 82
1 45 78
1 46 61
1 47 22
1 48 45
1 49 7
1 50 95
1 51 31
1 52 42
1 53 59
1 54 69
1 55 7
1 56 82
1 57 87
1 58 33
1 59 94
1 60 82
1 61 80
1 62 81
1 63 46
1 64 91
1 65 39
1 66 54
1 67 66
1 68 50
1 69 47
1 70 34
1 71 77
1 72 36
1 73 42
1 74 66
1 75 90
1 76 1
1 77 100
1 78 43
1 79 3
1 80 6
1 81 54
1 82 24
1 83 63
1 84 94
1 85 26
1 86 87
1 87 36
1 88 27
1 89 89
1 90 20
1 91 20
1 92 33
1 93 20
1 94 75
1 95 72
1 96 96
1 97 5
1 98 12
1 99 32
1 100 55
1 101 22
2 3 39
2 4 44
2 5 41
2 6 12
2 7 56
2 8 94
2 9 46
2 10 16
2 11 49
2 12 35
2 13 95
2 14 77
2 15 68
2 16 52
2 17 50
2 18 38
2 19 54
2 20 62
2 21 71
2 22 80
2 23 78
2 24 44
2 25 71
2 26 78
2 27 31
2 28 68
2 29 70
2 30 43
2 31 79
2 32 16
2 33 14
2 34 50
2 35 64
2 36 89
2 37 78
2 38 51
2 39 4
2 40 52
2 41 99
2 42 3
2 43 51
2 44 7
2 45 87
2 46 32
2 47 19
2 48 16
2 49 82
2 50 20
2 51 68
2 52 13
2 53 82
2 54 33
2 55 73
2 56 12
2 57 65
2 58 62
2 59 36
2 60 4
2 61 54
2 62 49
2 63 9
2 64 65
2 65 74
2 66 53
2 67 51
2 68 37
2 69 83
2 70 2
2 71 28
2 72 57
2 73 78
2 74 6
2 75 97
2 76 53
2 77 16
2 78 29
2 79 36
2 80 96
2 81 66
2 82 50
2 83 80
2 84 37
2 85 31
2 86 25
2 87 49
2 88 8
2 89 46
2 90 25
2 91 18
2 92 80
2 93 42
2 94 99
2 95 8
2 96 20
2 97 20
2 98 37
2 99 72
2 100 47
2 101 96
3 4 28
3 5 29
3 6 90
3 7 78
3 8 93
3 9 41
3 10 70
3 11 99
3 12 59
3 13 91
3 14 84
3 15 57
3 16 23
3 17 71
3 18 91
3 19 74
3 20 23
3 21 68
3 22 72
3 23 8
3 24 19
3 25 54
3 26 60
3 27 92
3 28 27
3 29 82
3 30 19
3 31 6
3 32 74
3 33 84
3 34 17
3 35 78
3 36 82
3 37 82
3 38 30
3 39 94
3 40 82
3 41 69
3 42 64
3 43 0
3 44 31
3 45 33
3 46 43
3 47 1
3 48 41
3 49 55
3 50 82
3 51 68
3 52 41
3 53 1
3 54 73
3 55 76
3 56 62
3 57 55
3 58 10
3 59 52
3 60 94
3 61 79
3 62 32
3 63 18
3 64 4
3 65 37
3 66 72
3 67 43
3 68 46
3 69 55
3 70 86
3 71 24
3 72 18
3 73 97
3 74 53
3 75 92
3 76 71
3 77 47
3 78 96
3 79 21
3 80 65
3 81 98
3 82 82
3 83 9
3 84 9
3 85 40
3 86 68
3 87 65
3 88 64
3 89 46
3 90 29
3 91 67
3 92 5
3 93 7
3 94 65
3 95 14
3 96 84
3 97 86
3 98 73
3 99 57
3 100 23
3 101 77
4 5 57
4 6 19
4 7 23
4 8 3
4 9 71
4 10 18
4 11 54
4 12 12
4 13 30
4 14 52
4 15 53
4 16 25
4 17 48
4 18 72
4 19 20
4 20 33
4 21 24
4 22 58
4 23 33
4 24 90
4 25 70
4 26 70
4 27 30
4 28 48
4 29 9
4 30 3
4 31 43
4 32 51
4 33 82
4 34 88
4 35 17
4 36 7
4 37 53
4 38 4
4 39 50
4 40 3
4 41 5
4 42 60
4 43 76
4 44 100
4 45 25
4 46 12
4 47 76
4 48 35
4 49 9
4 50 18
4 51 46
4 52 10
4 53 61
4 54 45
4 55 46
4 56 87
4 57 18
4 58 67
4 59 60
4 60 3
4 61 20
4 62 55
4 63 24
4 64 33
4 65 44
4 66 17
4 67 69
4 68 46
4 69 54
4 70 16
4 71 61
4 72 27
4 73 17
4 74 47
4 75 92
4 76 85
4 77 96
4 78 53
4 79 6
4 80 49
4 81 91
4 82 39
4 83 86
4 84 80
4 85 29
4 86 83
4 87 24
4 88 79
4 89 86
4 90 58
4 91 85
4 92 90
4 93 35
4 94 100
4 95 57
4 96 9
4 97 35
4 98 26
4 99 84
4 100 8
4 101 57
5 6 68
5 7 18
5 8 4
5 9 22
5 10 41
5 11 17
5 12 61
5 13 43
5 14 99
5 15 61
5 16 79
5 17 33
5 18 89
5 19 70
5 20 58
5 21 100
5 22 51
5 23 94
5 24 55
5 25 69
5 26 33
5 27 29
5 28 67
5 29 40
5 30 9
5 31 40
5 32 72
5 33 75
5 34 86
5 35 77
5 36 52
5 37 98
5 38 96
5 39 89
5 40 61
5 41 21
5 42 72
5 43 97
5 44 99
5 45 72
5 46 40
5 47 78
5 48 7
5 49 89
5 50 48
5 51 56
5 52 43
5 53 92
5 54 6
5 55 22
5 56 73
5 57 12
5 58 99
5 59 29
5 60 5
5 61 5
5 62 59
5 63 46
5 64 42
5 65 12
5 66 89
5 67 10
5 68 67
5 69 8
5 70 93
5 71 70
5 72 93
5 73 8
5 74 78
5 75 18
5 76 45
5 77 27
5 78 63
5 79 88
5 80 47
5 81 30
5 82 11
5 83 92
5 84 5
5 85 19
5 86 73
5 87 55
5 88 40
5 89 85
5 90 14
5 91 21
5 92 38
5 93 76
5 94 20
5 95 20
5 96 45
5 97 60
5 98 68
5 99 55
5 100 46
5 101 96
6 7 25
6 8 85
6 9 62
6 10 65
6 11 38
6 12 57
6 13 18
6 14 97
6 15 70
6 16 26
6 17 90
6 18 27
6 19 19
6 20 24
6 21 92
6 22 30
6 23 16
6 24 5
6 25 51
6 26 23
6 27 7
6 28 44
6 29 95
6 30 63
6 31 16
6 32 84
6 33 64
6 34 42
6 35 12
6 36 30
6 37 69
6 38 97
6 39 77
6 40 99
6 41 91
6 42 14
6 43 20
6 44 27
6 45 58
6 46 9
6 47 25
6 48 22
6 49 14
6 50 89
6 51 25
6 52 20
6 53 82
6 54 0
6 55 45
6 56 80
6 57 97
6 58 56
6 59 11
6 60 38
6 61 3
6 62 78
6 63 8
6 64 72
6 65 39
6 66 57
6 67 32
6 68 6
6 69 53
6 70 55
6 71 45
6 72 18
6 73 4
6 74 10
6 75 13
6 76 11
6 77 15
6 78 69
6 79 76
6 80 19
6 81 23
6 82 9
6 83 6
6 84 70
6 85 64
6 86 56
6 87 50
6 88 54
6 89 100
6 90 31
6 91 23
6 92 21
6 93 99
6 94 26
6 95 83
6 96 41
6 97 44
6 98 2
6 99 80
6 100 68
6 101 68
7 8 21
7 9 14
7 10 89
7 11 97
7 12 44
7 13 37
7 14 8
7 15 0
7 16 44
7 17 46
7 18 26
7 19 16
7 20 90
7 21 4
7 22 44
7 23 9
7 24 83
7 25 25
7 26 13
7 27 20
7 28 13
7 29 95
7 30 40
7 31 53
7 32 25
7 33 22
7 34 92
7 35 27
7 36 74
7 37 14
7 38 1
7 39 3
7 40 36
7 41 71
7 42 82
7 43 21
7 44 48
7 45 32
7 46 24
7 47 14
7 48 16
7 49 63
7 50 33
7 51 72
7 52 13
7 53 99
7 54 74
7 55 60
7 56 68
7 57 32
7 58 36
7 59 52
7 60 98
7 61 45
7 62 66
7 63 43
7 64 46
7 65 90
7 66 62
7 67 68
7 68 30
7 69 84
7 70 25
7 71 49
7 72 55
7 73 66
7 74 55
7 75 28
7 76 71
7 77 91
7 78 83
7 79 67
7 80 38
7 81 31
7 82 80
7 83 87
7 84 22
7 85 56
7 86 59
7 87 5
7 88 99
7 89 5
7 90 85
7 91 11
7 92 74
7 93 1
7 94 19
7 95 90
7 96 94
7 97 97
7 98 1
7 99 16
7 100 23
7 101 33
8 9 60
8 10 55
8 11 60
8 12 48
8 13 22
8 14 3
8 15 60
8 16 59
8 17 99
8 18 75
8 19 24
8 20 57
8 21 97
8 22 6
8 23 2
8 24 21
8 25 12
8 26 29
8 27 43
8 28 39
8 29 29
8 30 69
8 31 28
8 32 98
8 33 53
8 34 93
8 35 55
8 36 95
8 37 79
8 38 52
8 39 45
8 40 35
8 41 25
8 42 1
8 43 66
8 44 68
8 45 52
8 46 37
8 47 4
8 48 65
8 49 60
8 50 8
8 51 9
8 52 98
8 53 9
8 54 41
8 55 20
8 56 53
8 57 53
8 58 35
8 59 76
8 60 69
8 61 6
8 62 12
8 63 36
8 64 70
8 65 89
8 66 30
8 67 34
8 68 28
8 69 7
8 70 27
8 71 22
8 72 98
8 73 38
8 74 53
8 75 97
8 76 82
8 77 96
8 78 48
8 79 39
8 80 77
8 81 57
8 82 75
8 83 85
8 84 14
8 85 92
8 86 58
8 87 47
8 88 12
8 89 22
8 90 46
8 91 36
8 92 79
8 93 28
8 94 56
8 95 96
8 96 65
8 97 34
8 98 81
8 99 37
8 100 63
8 101 100
9 10 77
9 11 15
9 12 47
9 13 91
9 14 63
9 15 0
9 16 42
9 17 26
9 18 5
9 19 24
9 20 18
9 21 3
9 22 43
9 23 66
9 24 12
9 25 66
9 26 7
9 27 18
9 28 55
9 29 97
9 30 33
9 31 86
9 32 19
9 33 3
9 34 86
9 35 48
9 36 93
9 37 20
9 38 64
9 39 17
9 40 31
9 41 19
9 42 99
9 43 47
9 44 71
9 45 26
9 46 62
9 47 46
9 48 73
9 49 35
9 50 8
9 51 75
9 52 100
9 53 76
9 54 23
9 55 14
9 56 45
9 57 14
9 58 28
9 59 31
9 60 45
9 61 11
9 62 16
9 63 9
9 64 46
9 65 1
9 66 39
9 67 28
9 68 25
9 69 28
9 70 73
9 71 51
9 72 74
9 73 12
9 74 48
9 75 18
9 76 0
9 77 89
9 78 77
9 79 65
9 80 87
9 81 40
9 82 11
9 83 56
9 84 67
9 85 2
9 86 54
9 87 42
9 88 75
9 89 76
9 90 12
9 91 83
9 92 10
9 93 2
9 94 28
9 95 73
9 96 73
9 97 32
9 98 42
9 99 19
9 100 75
9 101 86
10 11 96
10 12 22
10 13 52
10 14 1
10 15 46
10 16 85
10 17 57
10 18 22
10 19 14
10 20 0
10 21 0
10 22 3
10 23 55
10 24 80
10 25 40
10 26 67
10 27 73
10 28 88
10 29 64
10 30 33
10 31 83
10 32 32
10 33 21
10 34 2
10 35 13
10 36 55
10 37 50
10 38 71
10 39 55
10 40 21
10 41 14
10 42 47
10 43 87
10 44 53
10 45 56
10 46 98
10 47 9
10 48 51
10 49 23
10 50 54
10 51 53
10 52 95
10 53 43
10 54 5
10 55 0
10 56 96
10 57 32
10 58 23
10 59 1
10 60 46
10 61 40
10 62 32
10 63 72
10 64 61
10 65 89
10 66 66
10 67 93
10 68 64
10 69 21
10 70 23
10 71 36
10 72 67
10 73 80
10 74 45
10 75 80
10 76 70
10 77 19
10 78 85
10 79 72
10 80 32
10 81 87
10 82 52
10 83 90
10 84 82
10 85 1
10 86 60
10 87 11
10 88 86
10 89 70
10 90 42
10 91 42
10 92 97
10 93 41
10 94 38
10 95 32
10 96 93
10 97 88
10 98 98
10 99 63
10 100 92
10 101 45
11 12 2
11 13 0
11 14 34
11 15 21
11 16 62
11 17 27
11 18 25
11 19 0
11 20 54
11 21 92
11 22 94
11 23 77
11 24 46
11 25 77
11 26 80
11 27 75
11 28 71
11 29 66
11 30 55
11 31 40
11 32 72
11 33 48
11 34 48
11 35 32
11 36 13
11 37 31
11 38 50
11 39 40
11 40 13
11 41 41
11 42 35
11 43 89
11 44 76
11 45 45
11 46 55
11 47 21
11 48 45
11 49 23
11 50 100
11 51 21
11 52 36
11 53 33
11 54 39
11 55 76
11 56 22
11 57 78
11 58 49
11 59 43
11 60 2
11 61 2
11 62 21
11 63 40
11 64 10
11 65 69
11 66 24
11 67 3
11 68 8
11 69 76
11 70 90
11 71 66
11 72 47
11 73 24
11 74 57
11 75 91
11 76 41
11 77 64
11 78 15
11 79 26
11 80 15
11 81 89
11 82 52
11 83 56
11 84 71
11 85 87
11 86 78
11 87 0
11 88 9
11 89 57
11 90 99
11 91 36
11 92 93
11 93 7
11 94 95
11 95 13
11 96 92
11 97 10
11 98 78
11 99 54
11 100 17
11 101 66
12 13 85
12 14 0
12 15 35
12 16 98
12 17 31
12 18 50
12 19 38
12 20 24
12 21 13
12 22 53
12 23 66
12 24 17
12 25 32
12 26 41
12 27 78
12 28 77
12 29 90
12 30 53
12 31 39
12 32 81
12 33 85
12 34 22
12 35 41
12 36 21
12 37 86
12 38 27
12 39 89
12 40 39
12 41 22
12 42 71
12 43 6
12 44 11
12 45 26
12 46 27
12 47 7
12 48 85
12 49 100
12 50 27
12 51 40
12 52 30
12 53 31
12 54 97
12 55 96
12 56 23
12 57 12
12 58 94
12 59 19
12 60 55
12 61 6
12 62 99
12 63 95
12 64 26
12 65 71
12 66 93
12 67 81
12 68 70
12 69 54
12 70 75
12 71 45
12 72 26
12 73 3
12 74 13
12 75 100
12 76 4
12 77 80
12 78 14
12 79 52
12 80 92
12 81 84
12 82 51
12 83 7
12 84 33
12 85 24
12 86 57
12 87 25
12 88 81
12 89 57
12 90 45
12 91 27
12 92 2
12 93 21
12 94 49
12 95 95
12 96 54
12 97 10
12 98 80
12 99 14
12 100 71
12 101 16
13 14 97
13 15 55
13 16 80
13 17 44
13 18 65
13 19 5
13 20 72
13 21 49
13 22 21
13 23 31
13 24 64
13 25 54
13 26 15
13 27 73
13 28 22
13 29 62
13 30 89
13 31 93
13 32 66
13 33 19
13 34 51
13 35 56
13 36 15
13 37 60
13 38 16
13 39 67
13 40 46
13 41 7
13 42 17
13 43 59
13 44 50
13 45 15
13 46 68
13 47 10
13 48 36
13 49 18
13 50 93
13 51 86
13 52 23
13 53 66
13 54 53
13 55 88
13 56 30
13 57 10
13 58 94
13 59 49
13 60 9
13 61 100
13 62 34
13 63 99
13 64 53
13 65 6
13 66 22
13 67 33
13 68 63
13 69 92
13 70 95
13 71 94
13 72 67
13 73 60
13 74 15
13 75 19
13 76 87
13 77 58
13 78 6
13 79 33
13 80 92
13 81 11
13 82 95
13 83 80
13 84 58
13 85 82
13 86 99
13 87 51
13 88 53
13 89 55
13 90 52
13 91 82
13 92 94
13 93 86
13 94 52
13 95 2
13 96 8
13 97 46
13 98 61
13 99 60
13 100 75
13 101 15
14 15 64
14 16 72
14 17 70
14 18 3
14 19 80
14 20 74
14 21 75
14 22 11
14 23 75
14 24 58
14 25 38
14 26 42
14 27 12
14 28 70
14 29 62
14 30 18
14 31 40
14 32 80
14 33 35
14 34 81
14 35 31
14 36 7
14 37 90
14 38 5
14 39 27
14 40 52
14 41 29
14 42 77
14 43 26
14 44 69
14 45 49
14 46 47
14 47 88
14 48 43
14 49 25
14 50 81
14 51 72
14 52 58
14 53 29
14 54 86
14 55 73
14 56 1
14 57 9
14 58 20
14 59 0
14 60 87
14 61 100
14 62 2
14 63 24
14 64 39
14 65 31
14 66 90
14 67 23
14 68 28
14 69 18
14 70 36
14 71 31
14 72 91
14 73 82
14 74 14
14 75 88
14 76 23
14 77 15
14 78 96
14 79 0
14 80 12
14 81 2
14 82 51
14 83 60
14 84 93
14 85 40
14 86 56
14 87 7
14 88 14
14 89 68
14 90 65
14 91 49
14 92 22
14 93 75
14 94 9
14 95 11
14 96 28
14 97 12
14 98 19
14 99 3
14 100 92
14 101 37
15 16 30
15 17 34
15 18 68
15 19 92
15 20 16
15 21 79
15 22 79
15 23 46
15 24 59
15 25 58
15 26 70
15 27 6
15 28 92
15 29 20
15 30 5
15 31 53
15 32 75
15 33 78
15 34 81
15 35 7
15 36 86
15 37 29
15 38 32
15 39 86
15 40 37
15 41 19
15 42 96
15 43 27
15 44 56
15 45 24
15 46 53
15 47 26
15 48 68
15 49 55
15 50 59
15 51 19
15 52 63
15 53 78
15 54 35
15 55 27
15 56 14
15 57 19
15 58 7
15 59 84
15 60 11
15 61 36
15 62 76
15 63 9
15 64 89
15 65 50
15 66 3
15 67 14
15 68 0
15 69 48
15 70 41
15 71 16
15 72 38
15 73 38
15 74 56
15 75 70
15 76 5
15 77 40
15 78 37
15 79 27
15 80 79
15 81 9
15 82 24
15 83 0
15 84 24
15 85 68
15 86 37
15 87 11
15 88 49
15 89 68
15 90 37
15 91 76
15 92 13
15 93 0
15 94 69
15 95 62
15 96 13
15 97 27
15 98 82
15 99 37
15 100 37
15 101 10
16 17 51
16 18 24
16 19 83
16 20 97
16 21 97
16 22 79
16 23 88
16 24 43
16 25 88
16 26 27
16 27 64
16 28 35
16 29 13
16 30 62
16 31 6
16 32 78
16 33 51
16 34 96
16 35 90
16 36 1
16 37 9
16 38 7
16 39 30
16 40 78
16 41 99
16 42 51
16 43 80
16 44 96
16 45 63
16 46 37
16 47 12
16 48 39
16 49 84
16 50 5
16 51 83
16 52 43
16 53 37
16 54 92
16 55 50
16 56 5
16 57 100
16 58 88
16 59 63
16 60 96
16 61 34
16 62 61
16 63 39
16 64 26
16 65 26
16 66 42
16 67 82
16 68 30
16 69 95
16 70 36
16 71 25
16 72 46
16 73 68
16 74 49
16 75 34
16 76 15
16 77 28
16 78 37
16 79 33
16 80 49
16 81 92
16 82 80
16 83 31
16 84 27
16 85 51
16 86 55
16 87 51
16 88 21
16 89 10
16 90 2
16 91 43
16 92 92
16 93 63
16 94 74
16 95 8
16 96 29
16 97 74
16 98 94
16 99 89
16 100 94
16 101 28
17 18 13
17 19 28
17 20 60
17 21 64
17 22 95
17 23 35
17 24 24
17 25 26
17 26 68
17 27 8
17 28 24
17 29 38
17 30 47
17 31 65
17 32 76
17 33 92
17 34 41
17 35 42
17 36 37
17 37 98
17 38 9
17 39 94
17 40 25
17 41 64
17 42 50
17 43 83
17 44 89
17 45 68
17 46 35
17 47 14
17 48 2
17 49 38
17 50 61
17 51 32
17 52 9
17 53 60
17 54 66
17 55 98
17 56 91
17 57 53
17 58 34
17 59 70
17 60 91
17 61 91
17 62 52
17 63 68
17 64 45
17 65 15
17 66 26
17 67 9
17 68 71
17 69 82
17 70 29
17 71 25
17 72 86
17 73 63
17 74 10
17 75 57
17 76 30
17 77 40
17 78 28
17 79 50
17 80 75
17 81 53
17 82 36
17 83 85
17 84 18
17 85 73
17 86 4
17 87 31
17 88 48
17 89 44
17 90 6
17 91 8
17 92 27
17 93 34
17 94 49
17 95 87
17 96 49
17 97 20
17 98 48
17 99 0
17 100 9
17 101 81
18 19 3
18 20 53
18 21 1
18 22 32
18 23 74
18 24 70
18 25 99
18 26 61
18 27 34
18 28 52
18 29 45
18 30 73
18 31 71
18 32 98
18 33 37
18 34 61
18 35 84
18 36 6
18 37 47
18 38 2
18 39 14
18 40 43
18 41 99
18 42 86
18 43 46
18 44 69
18 45 68
18 46 93
18 47 91
18 48 69
18 49 35
18 50 61
18 51 5
18 52 91
18 53 60
18 54 72
18 55 12
18 56 39
18 57 4
18 58 94
18 59 64
18 60 2
18 61 79
18 62 12
18 63 64
18 64 17
18 65 86
18 66 13
18 67 35
18 68 16
18 69 81
18 70 46
18 71 10
18 72 29
18 73 74
18 74 76
18 75 68
18 76 82
18 77 45
18 78 33
18 79 85
18 80 9
18 81 72
18 82 15
18 83 69
18 84 39
18 85 13
18 86 52
18 87 76
18 88 35
18 89 69
18 90 94
18 91 55
18 92 82
18 93 43
18 94 86
18 95 55
18 96 100
18 97 95
18 98 32
18 99 37
18 100 66
18 101 83
19 20 87
19 21 51
19 22 17
19 23 21
19 24 72
19 25 45
19 26 34
19 27 15
19 28 24
19 29 87
19 30 95
19 31 37
19 32 25
19 33 6
19 34 11
19 35 9
19 36 23
19 37 65
19 38 43
19 39 37
19 40 83
19 41 37
19 42 56
19 43 27
19 44 35
19 45 76
19 46 58
19 47 5
19 48 56
19 49 6
19 50 23
19 51 55
19 52 70
19 53 18
19 54 68
19 55 54
19 56 18
19 57 81
19 58 60
19 59 53
19 60 85
19 61 78
19 62 41
19 63 70
19 64 8
19 65 67
19 66 35
19 67 83
19 68 19
19 69 53
19 70 25
19 71 22
19 72 20
19 73 68
19 74 50
19 75 46
19 76 12
19 77 70
19 78 30
19 79 40
19 80 35
19 81 40
19 82 36
19 83 83
19 84 100
19 85 60
19 86 49
19 87 56
19 88 48
19 89 28
19 90 15
19 91 9
19 92 69
19 93 84
19 94 58
19 95 72
19 96 80
19 97 25
19 98 21
19 99 64
19 100 64
19 101 82
20 21 77
20 22 13
20 23 100
20 24 52
20 25 67
20 26 15
20 27 7
20 28 75
20 29 46
20 30 30
20 31 69
20 32 71
20 33 42
20 34 71
20 35 67
20 36 39
20 37 1
20 38 97
20 39 37
20 40 28
20 41 58
20 42 88
20 43 55
20 44 58
20 45 80
20 46 37
20 47 94
20 48 20
20 49 63
20 50 25
20 51 16
20 52 84
20 53 97
20 54 88
20 55 29
20 56 37
20 57 72
20 58 30
20 59 47
20 60 31
20 61 52
20 62 22
20 63 56
20 64 6
20 65 75
20 66 89
20 67 50
20 68 93
20 69 84
20 70 88
20 71 25
20 72 6
20 73 86
20 74 4
20 75 71
20 76 40
20 77 51
20 78 70
20 79 99
20 80 3
20 81 74
20 82 43
20 83 5
20 84 99
20 85 18
20 86 95
20 87 65
20 88 90
20 89 21
20 90 82
20 91 36
20 92 79
20 93 16
20 94 100
20 95 64
20 96 9
20 97 63
20 98 99
20 99 8
20 100 52
20 101 89
21 22 81
21 23 41
21 24 91
21 25 58
21 26 19
21 27 100
21 28 38
21 29 93
21 30 80
21 31 84
21 32 100
21 33 30
21 34 60
21 35 39
21 36 83
21 37 94
21 38 45
21 39 60
21 40 48
21 41 10
21 42 61
21 43 71
21 44 54
21 45 91
21 46 13
21 47 85
21 48 92
21 49 75
21 50 46
21 51 82
21 52 83
21 53 4
21 54 54
21 55 30
21 56 47
21 57 5
21 58 41
21 59 97
21 60 57
21 61 86
21 62 66
21 63 0
21 64 54
21 65 45
21 66 18
21 67 54
21 68 91
21 69 21
21 70 65
21 71 53
21 72 8
21 73 70
21 74 93
21 75 21
21 76 51
21 77 87
21 78 55
21 79 18
21 80 80
21 81 45
21 82 23
21 83 47
21 84 35
21 85 30
21 86 16
21 87 11
21 88 6
21 89 94
21 90 40
21 91 69
21 92 45
21 93 56
21 94 64
21 95 13
21 96 75
21 97 46
21 98 61
21 99 81
21 100 56
21 101 49
22 23 51
22 24 72
22 25 76
22 26 8
22 27 49
22 28 54
22 29 98
22 30 43
22 31 96
22 32 41
22 33 87
22 34 48
22 35 56
22 36 40
22 37 45
22 38 51
22 39 32
22 40 33
22 41 0
22 42 38
22 43 70
22 44 63
22 45 89
22 46 55
22 47 45
22 48 48
22 49 16
22 50 8
22 51 17
22 52 87
22 53 82
22 54 86
22 55 82
22 56 52
22 57 79
22 58 9
22 59 84
22 60 26
22 61 73
22 62 64
22 63 6
22 64 22
22 65 84
22 66 61
22 67 14
22 68 78
22 69 50
22 70 38
22 71 73
22 72 66
22 73 18
22 74 85
22 75 100
22 76 17
22 77 55
22 78 86
22 79 96
22 80 50
22 81 0
22 82 63
22 83 49
22 84 62
22 85 39
22 86 43
22 87 63
22 88 8
22 89 69
22 90 68
22 91 46
22 92 72
22 93 33
22 94 90
22 95 8
22 96 69
22 97 5
22 98 89
22 99 95
22 100 59
22 101 98
23 24 97
23 25 45
23 26 0
23 27 19
23 28 13
23 29 91
23 30 10
23 31 90
23 32 51
23 33 89
23 34 1
23 35 45
23 36 10
23 37 86
23 38 3
23 39 70
23 40 49
23 41 5
23 42 29
23 43 85
23 44 0
23 45 49
23 46 61
23 47 96
23 48 9
23 49 61
23 50 4
23 51 64
23 52 16
23 53 43
23 54 79
23 55 61
23 56 19
23 57 34
23 58 48
23 59 69
23 60 94
23 61 67
23 62 72
23 63 19
23 64 95
23 65 0
23 66 10
23 67 29
23 68 80
23 69 83
23 70 61
23 71 58
23 72 55
23 73 100
23 74 55
23 75 26
23 76 20
23 77 94
23 78 39
23 79 87
23 80 68
23 81 28
23 82 13
23 83 53
23 84 45
23 85 27
23 86 77
23 87 4
23 88 58
23 89 64
23 90 47
23 91 87
23 92 6
23 93 48
23 94 48
23 95 95
23 96 8
23 97 11
23 98 28
23 99 47
23 100 28
23 101 18
24 25 44
24 26 21
24 27 87
24 28 94
24 29 78
24 30 48
24 31 48
24 32 82
24 33 96
24 34 58
24 35 47
24 36 84
24 37 21
24 38 63
24 39 65
24 40 80
24 41 60
24 42 16
24 43 65
24 44 50
24 45 50
24 46 43
24 47 91
24 48 84
24 49 57
24 50 78
24 51 52
24 52 56
24 53 45
24 54 46
24 55 29
24 56 54
24 57 6
24 58 97
24 59 3
24 60 46
24 61 90
24 62 15
24 63 13
24 64 12
24 65 73
24 66 86
24 67 25
24 68 51
24 69 4
24 70 30
24 71 92
24 72 61
24 73 42
24 74 85
24 75 14
24 76 12
24 77 5
24 78 58
24 79 9
24 80 46
24 81 9
24 82 7
24 83 60
24 84 7
24 85 76
24 86 33
24 87 5
24 88 40
24 89 33
24 90 43
24 91 43
24 92 39
24 93 92
24 94 42
24 95 17
24 96 85
24 97 46
24 98 16
24 99 81
24 100 63
24 101 24
25 26 21
25 27 8
25 28 45
25 29 26
25 30 36
25 31 30
25 32 58
25 33 74
25 34 5
25 35 44
25 36 58
25 37 80
25 38 94
25 39 81
25 40 85
25 41 11
25 42 86
25 43 77
25 44 4
25 45 34
25 46 76
25 47 57
25 48 61
25 49 6
25 50 0
25 51 72
25 52 36
25 53 13
25 54 56
25 55 37
25 56 87
25 57 62
25 58 65
25 59 20
25 60 55
25 61 35
25 62 71
25 63 3
25 64 91
25 65 47
25 66 7
25 67 100
25 68 14
25 69 96
25 70 19
25 71 41
25 72 81
25 73 95
25 74 92
25 75 78
25 76 43
25 77 77
25 78 99
25 79 1
25 80 3
25 81 53
25 82 22
25 83 34
25 84 50
25 85 93
25 86 30
25 87 75
25 88 16
25 89 62
25 90 47
25 91 100
25 92 42
25 93 22
25 94 7
25 95 65
25 96 100
25 97 73
25 98 15
25 99 53
25 100 51
25 101 76
26 27 26
26 28 53
26 29 96
26 30 45
26 31 73
26 32 21
26 33 56
26 34 70
26 35 95
26 36 51
26 37 94
26 38 60
26 39 43
26 40 41
26 41 84
26 42 87
26 43 29
26 44 98
26 45 18
26 46 43
26 47 79
26 48 17
26 49 84
26 50 71
26 51 49
26 52 8
26 53 4
26 54 63
26 55 82
26 56 37
26 57 9
26 58 88
26 59 54
26 60 53
26 61 13
26 62 82
26 63 22
26 64 42
26 65 94
26 66 39
26 67 79
26 68 97
26 69 93
26 70 5
26 71 8
26 72 12
26 73 54
26 74 93
26 75 38
26 76 50
26 77 77
26 78 52
26 79 5
26 80 63
26 81 0
26 82 61
26 83 37
26 84 4
26 85 68
26 86 42
26 87 92
26 88 68
26 89 84
26 90 79
26 91 50
26 92 61
26 93 33
26 94 55
26 95 45
26 96 36
26 97 43
26 98 59
26 99 92
26 100 29
26 101 52
27 28 71
27 29 64
27 30 93
27 31 24
27 32 30
27 33 14
27 34 46
27 35 75
27 36 93
27 37 46
27 38 2
27 39 67
27 40 40
27 41 13
27 42 22
27 43 40
27 44 91
27 45 70
27 46 62
27 47 56
27 48 54
27 49 87
27 50 21
27 51 3
27 52 16
27 53 52
27 54 13
27 55 74
27 56 83
27 57 14
27 58 63
27 59 7
27 60 10
27 61 30
27 62 7
27 63 28
27 64 38
27 65 44
27 66 65
27 67 86
27 68 67
27 69 99
27 70 84
27 71 75
27 72 52
27 73 97
27 74 81
27 75 10
27 76 6
27 77 52
27 78 17
27 79 69
27 80 56
27 81 37
27 82 66
27 83 61
27 84 85
27 85 82
27 86 57
27 87 41
27 88 98
27 89 19
27 90 44
27 91 9
27 92 49
27 93 66
27 94 80
27 95 71
27 96 32
27 97 47
27 98 0
27 99 58
27 100 1
27 101 45
28 29 19
28 30 86
28 31 85
28 32 69
28 33 10
28 34 25
28 35 7
28 36 32
28 37 36
28 38 88
28 39 65
28 40 94
28 41 79
28 42 17
28 43 38
28 44 15
28 45 45
28 46 67
28 47 72
28 48 44
28 49 12
28 50 90
28 51 2
28 52 64
28 53 48
28 54 40
28 55 77
28 56 89
28 57 18
28 58 78
28 59 63
28 60 60
28 61 0
28 62 81
28 63 6
28 64 8
28 65 97
28 66 43
28 67 95
28 68 15
28 69 48
28 70 65
28 71 62
28 72 20
28 73 14
28 74 37
28 75 74
28 76 61
28 77 55
28 78 3
28 79 22
28 80 77
28 81 47
28 82 95
28 83 13
28 84 88
28 85 14
28 86 31
28 87 13
28 88 51
28 89 5
28 90 58
28 91 29
28 92 39
28 93 84
28 94 7
28 95 47
28 96 81
28 97 45
28 98 21
28 99 79
28 100 21
28 101 31
29 30 2
29 31 94
29 32 63
29 33 19
29 34 41
29 35 62
29 36 3
29 37 72
29 38 13
29 39 75
29 40 83
29 41 82
29 42 8
29 43 64
29 44 82
29 45 61
29 46 20
29 47 82
29 48 29
29 49 32
29 50 42
29 51 14
29 52 2
29 53 51
29 54 74
29 55 88
29 56 94
29 57 76
29 58 60
29 59 59
29 60 57
29 61 52
29 62 91
29 63 88
29 64 48
29 65 50
29 66 91
29 67 66
29 68 45
29 69 41
29 70 92
29 71 97
29 72 12
29 73 95
29 74 95
29 75 51
29 76 56
29 77 9
29 78 88
29 79 75
29 80 5
29 81 100
29 82 22
29 83 64
29 84 88
29 85 35
29 86 100
29 87 35
29 88 17
29 89 34
29 90 87
29 91 79
29 92 44
29 93 31
29 94 90
29 95 59
29 96 96
29 97 21
29 98 97
29 99 10
29 100 86
29 101 8
30 31 66
30 32 25
30 33 24
30 34 12
30 35 42
30 36 34
30 37 96
30 38 15
30 39 9
30 40 60
30 41 27
30 42 83
30 43 12
30 44 53
30 45 66
30 46 20
30 47 56
30 48 77
30 49 9
30 50 36
30 51 89
30 52 100
30 53 73
30 54 80
30 55 42
30 56 100
30 57 4
30 58 23
30 59 30
30 60 46
30 61 56
30 62 43
30 63 60
30 64 82
30 65 62
30 66 79
30 67 84
30 68 95
30 69 0
30 70 73
30 71 70
30 72 20
30 73 58
30 74 0
30 75 45
30 76 85
30 77 34
30 78 14
30 79 83
30 80 16
30 81 89
30 82 11
30 83 4
30 84 74
30 85 64
30 86 29
30 87 72
30 88 9
30 89 63
30 90 49
30 91 90
30 92 38
30 93 38
30 94 84
30 95 73
30 96 64
30 97 22
30 98 46
30 99 93
30 100 54
30 101 83
31 32 9
31 33 69
31 34 74
31 35 89
31 36 42
31 37 40
31 38 81
31 39 6
31 40 0
31 41 5
31 42 26
31 43 60
31 44 10
31 45 1
31 46 67
31 47 31
31 48 9
31 49 41
31 50 80
31 51 86
31 52 97
31 53 88
31 54 51
31 55 100
31 56 68
31 57 5
31 58 32
31 59 63
31 60 10
31 61 30
31 62 96
31 63 20
31 64 86
31 65 64
31 66 18
31 67 25
31 68 23
31 69 49
31 70 17
31 71 68
31 72 62
31 73 15
31 74 91
31 75 83
31 76 5
31 77 56
31 78 86
31 79 80
31 80 20
31 81 4
31 82 40
31 83 21
31 84 27
31 85 17
31 86 99
31 87 1
31 88 44
31 89 71
31 90 85
31 91 24
31 92 71
31 93 12
31 94 26
31 95 65
31 96 39
31 97 63
31 98 9
31 99 95
31 100 49
31 101 73
32 33 48
32 34 60
32 35 62
32 36 48
32 37 75
32 38 76
32 39 100
32 40 20
32 41 92
32 42 41
32 43 45
32 44 38
32 45 41
32 46 14
32 47 32
32 48 5
32 49 68
32 50 33
32 51 94
32 52 58
32 53 17
32 54 63
32 55 26
32 56 67
32 57 33
32 58 54
32 59 78
32 60 38
32 61 30
32 62 83
32 63 41
32 64 13
32 65 68
32 66 9
32 67 29
32 68 92
32 69 22
32 70 61
32 71 62
32 72 13
32 73 59
32 74 99
32 75 42
32 76 34
32 77 86
32 78 60
32 79 56
32 80 98
32 81 70
32 82 33
32 83 21
32 84 67
32 85 14
32 86 37
32 87 78
32 88 40
32 89 38
32 90 98
32 91 87
32 92 3
32 93 65
32 94 23
32 95 28
32 96 21
32 97 54
32 98 38
32 99 1
32 100 50
32 101 97
33 34 56
33 35 93
33 36 65
33 37 15
33 38 17
33 39 31
33 40 0
33 41 93
33 42 16
33 43 90
33 44 4
33 45 8
33 46 5
33 47 44
33 48 79
33 49 17
33 50 34
33 51 93
33 52 58
33 53 30
33 54 95
33 55 69
33 56 21
33 57 50
33 58 61
33 59 14
33 60 32
33 61 60
33 62 27
33 63 91
33 64 69
33 65 39
33 66 97
33 67 87
33 68 21
33 69 45
33 70 75
33 71 21
33 72 18
33 73 25
33 74 40
33 75 84
33 76 25
33 77 80
33 78 62
33 79 50
33 80 97
33 81 82
33 82 81
33 83 55
33 84 58
33 85 16
33 86 25
33 87 30
33 88 18
33 89 92
33 90 56
33 91 88
33 92 38
33 93 81
33 94 58
33 95 50
33 96 29
33 97 69
33 98 40
33 99 47
33 100 57
33 101 35
34 35 55
34 36 9
34 37 87
34 38 91
34 39 82
34 40 28
34 41 98
34 42 94
34 43 86
34 44 98
34 45 72
34 46 70
34 47 22
34 48 17
34 49 47
34 50 84
34 51 77
34 52 11
34 53 70
34 54 22
34 55 30
34 56 93
34 57 14
34 58 43
34 59 56
34 60 6
34 61 52
34 62 84
34 63 39
34 64 40
34 65 98
34 66 34
34 67 65
34 68 17
34 69 97
34 70 4
34 71 79
34 72 40
34 73 17
34 74 89
34 75 30
34 76 80
34 77 0
34 78 21
34 79 5
34 80 51
34 81 7
34 82 100
34 83 19
34 84 87
34 85 79
34 86 90
34 87 0
34 88 82
34 89 93
34 90 25
34 91 36
34 92 13
34 93 72
34 94 67
34 95 54
34 96 17
34 97 76
34 98 62
34 99 61
34 100 18
34 101 37
35 36 35
35 37 15
35 38 26
35 39 47
35 40 42
35 41 65
35 42 49
35 43 28
35 44 58
35 45 73
35 46 97
35 47 81
35 48 73
35 49 19
35 50 70
35 51 100
35 52 17
35 53 30
35 54 43
35 55 6
35 56 81
35 57 54
35 58 40
35 59 44
35 60 59
35 61 74
35 62 61
35 63 41
35 64 92
35 65 46
35 66 72
35 67 64
35 68 57
35 69 70
35 70 60
35 71 36
35 72 83
35 73 25
35 74 59
35 75 3
35 76 87
35 77 30
35 78 68
35 79 72
35 80 55
35 81 79
35 82 45
35 83 70
35 84 67
35 85 29
35 86 24
35 87 54
35 88 64
35 89 46
35 90 80
35 91 47
35 92 5
35 93 8
35 94 14
35 95 50
35 96 2
35 97 61
35 98 47
35 99 2
35 100 54
35 101 19
36 37 37
36 38 6
36 39 71
36 40 15
36 41 45
36 42 75
36 43 76
36 44 90
36 45 51
36 46 67
36 47 39
36 48 52
36 49 85
36 50 100
36 51 73
36 52 34
36 53 3
36 54 4
36 55 41
36 56 99
36 57 75
36 58 15
36 59 25
36 60 42
36 61 76
36 62 26
36 63 23
36 64 42
36 65 70
36 66 3
36 67 44
36 68 26
36 69 95
36 70 92
36 71 33
36 72 86
36 73 38
36 74 61
36 75 35
36 76 23
36 77 60
36 78 67
36 79 25
36 80 44
36 81 98
36 82 66
36 83 54
36 84 94
36 85 99
36 86 60
36 87 25
36 88 66
36 89 34
36 90 61
36 91 59
36 92 11
36 93 42
36 94 77
36 95 91
36 96 13
36 97 83
36 98 84
36 99 42
36 100 18
36 101 13
37 38 16
37 39 57
37 40 70
37 41 70
37 42 51
37 43 34
37 44 37
37 45 44
37 46 92
37 47 33
37 48 46
37 49 29
37 50 78
37 51 55
37 52 70
37 53 91
37 54 31
37 55 100
37 56 49
37 57 83
37 58 20
37 59 87
37 60 21
37 61 91
37 62 71
37 63 51
37 64 83
37 65 64
37 66 49
37 67 21
37 68 98
37 69 30
37 70 98
37 71 23
37 72 65
37 73 74
37 74 60
37 75 9
37 76 1
37 77 9
37 78 43
37 79 96
37 80 86
37 81 26
37 82 85
37 83 27
37 84 30
37 85 74
37 86 50
37 87 4
37 88 27
37 89 23
37 90 59
37 91 87
37 92 76
37 93 59
37 94 83
37 95 37
37 96 44
37 97 94
37 98 85
37 99 21
37 100 99
37 101 31
38 39 32
38 40 83
38 41 80
38 42 29
38 43 25
38 44 39
38 45 54
38 46 59
38 47 63
38 48 9
38 49 12
38 50 57
38 51 81
38 52 94
38 53 93
38 54 12
38 55 50
38 56 94
38 57 53
38 58 28
38 59 63
38 60 47
38 61 25
38 62 93
38 63 50
38 64 4
38 65 14
38 66 21
38 67 42
38 68 81
38 69 44
38 70 35
38 71 3
38 72 74
38 73 16
38 74 73
38 75 0
38 76 48
38 77 83
38 78 83
38 79 22
38 80 3
38 81 66
38 82 11
38 83 60
38 84 19
38 85 30
38 86 4
38 87 26
38 88 46
38 89 37
38 90 70
38 91 91
38 92 51
38 93 10
38 94 97
38 95 28
38 96 77
38 97 80
38 98 50
38 99 20
38 100 34
38 101 81
39 40 82
39 41 54
39 42 34
39 43 0
39 44 89
39 45 89
39 46 6
39 47 42
39 48 34
39 49 100
39 50 67
39 51 85
39 52 46
39 53 52
39 54 25
39 55 75
39 56 63
39 57 24
39 58 10
39 59 78
39 60 55
39 61 52
39 62 23
39 63 89
39 64 37
39 65 17
39 66 63
39 67 97
39 68 65
39 69 52
39 70 64
39 71 6
39 72 81
39 73 37
39 74 66
39 75 52
39 76 33
39 77 17
39 78 68
39 79 29
39 80 45
39 81 16
39 82 80
39 83 74
39 84 15
39 85 53
39 86 52
39 87 58
39 88 40
39 89 74
39 90 99
39 91 31
39 92 79
39 93 45
39 94 71
39 95 0
39 96 8
39 97 22
39 98 13
39 99 83
39 100 24
39 101 20
40 41 12
40 42 15
40 43 12
40 44 92
40 45 24
40 46 63
40 47 5
40 48 48
40 49 62
40 50 70
40 51 99
40 52 31
40 53 44
40 54 38
40 55 66
40 56 82
40 57 91
40 58 47
40 59 28
40 60 50
40 61 56
40 62 14
40 63 5
40 64 7
40 65 5
40 66 65
40 67 100
40 68 99
40 69 13
40 70 4
40 71 96
40 72 31
40 73 35
40 74 74
40 75 42
40 76 94
40 77 79
40 78 77
40 79 78
40 80 66
40 81 10
40 82 17
40 83 75
40 84 88
40 85 82
40 86 41
40 87 6
40 88 97
40 89 86
40 90 19
40 91 6
40 92 89
40 93 26
40 94 61
40 95 62
40 96 78
40 97 84
40 98 0
40 99 56
40 100 26
40 101 34
41 42 81
41 43 45
41 44 28
41 45 61
41 46 75
41 47 24
41 48 45
41 49 6
41 50 96
41 51 42
41 52 46
41 53 68
41 54 95
41 55 63
41 56 33
41 57 24
41 58 7
41 59 5
41 60 49
41 61 2
41 62 70
41 63 62
41 64 92
41 65 84
41 66 70
41 67 6
41 68 82
41 69 46
41 70 91
41 71 28
41 72 84
41 73 83
41 74 78
41 75 44
41 76 30
41 77 20
41 78 53
41 79 73
41 80 21
41 81 77
41 82 48
41 83 73
41 84 18
41 85 18
41 86 52
41 87 8
41 88 71
41 89 99
41 90 12
41 91 13
41 92 25
41 93 86
41 94 4
41 95 50
41 96 31
41 97 8
41 98 60
41 99 100
41 100 11
41 101 14
42 43 88
42 44 8
42 45 15
42 46 87
42 47 3
42 48 98
42 49 67
42 50 5
42 51 43
42 52 8
42 53 49
42 54 34
42 55 63
42 56 32
42 57 33
42 58 79
42 59 3
42 60 43
42 61 53
42 62 99
42 63 46
42 64 3
42 65 4
42 66 57
42 67 91
42 68 31
42 69 26
42 70 35
42 71 81
42 72 1
42 73 38
42 74 26
42 75 32
42 76 37
42 77 80
42 78 67
42 79 4
42 80 57
42 81 93
42 82 27
42 83 60
42 84 95
42 85 49
42 86 56
42 87 95
42 88 73
42 89 50
42 90 10
42 91 99
42 92 23
42 93 89
42 94 95
42 95 93
42 96 45
42 97 31
42 98 71
42 99 45
42 100 37
42 101 43
43 44 94
43 45 59
43 46 29
43 47 95
43 48 38
43 49 4
43 50 87
43 51 11
43 52 27
43 53 2
43 54 70
43 55 65
43 56 30
43 57 38
43 58 88
43 59 21
43 60 46
43 61 37
43 62 29
43 63 4
43 64 74
43 65 72
43 66 46
43 67 78
43 68 83
43 69 15
43 70 69
43 71 17
43 72 6
43 73 0
43 74 80
43 75 38
43 76 99
43 77 37
43 78 29
43 79 32
43 80 24
43 81 95
43 82 27
43 83 68
43 84 90
43 85 100
43 86 74
43 87 50
43 88 31
43 89 100
43 90 31
43 91 39
43 92 100
43 93 39
43 94 97
43 95 58
43 96 55
43 97 54
43 98 41
43 99 77
43 100 98
43 101 68
44 45 13
44 46 40
44 47 76
44 48 4
44 49 87
44 50 100
44 51 17
44 52 78
44 53 21
44 54 70
44 55 56
44 56 41
44 57 29
44 58 16
44 59 64
44 60 73
44 61 90
44 62 98
44 63 23
44 64 23
44 65 82
44 66 43
44 67 23
44 68 92
44 69 3
44 70 39
44 71 100
44 72 45
44 73 52
44 74 50
44 75 44
44 76 7
44 77 75
44 78 96
44 79 78
44 80 75
44 81 2
44 82 25
44 83 16
44 84 63
44 85 94
44 86 23
44 87 82
44 88 98
44 89 83
44 90 28
44 91 13
44 92 62
44 93 56
44 94 85
44 95 75
44 96 16
44 97 13
44 98 52
44 99 82
44 100 74
44 101 21
45 46 34
45 47 0
45 48 9
45 49 84
45 50 92
45 51 77
45 52 77
45 53 14
45 54 31
45 55 18
45 56 41
45 57 70
45 58 7
45 59 47
45 60 61
45 61 1
45 62 98
45 63 32
45 64 65
45 65 53
45 66 45
45 67 21
45 68 66
45 69 29
45 70 44
45 71 7
45 72 53
45 73 69
45 74 83
45 75 13
45 76 56
45 77 49
45 78 55
45 79 13
45 80 17
45 81 63
45 82 37
45 83 62
45 84 83
45 85 58
45 86 32
45 87 13
45 88 50
45 89 32
45 90 31
45 91 92
45 92 44
45 93 26
45 94 50
45 95 80
45 96 42
45 97 48
45 98 24
45 99 30
45 100 15
45 101 42
46 47 23
46 48 3
46 49 91
46 50 45
46 51 89
46 52 90
46 53 75
46 54 80
46 55 98
46 56 13
46 57 60
46 58 5
46 59 44
46 60 58
46 61 50
46 62 21
46 63 67
46 64 62
46 65 8
46 66 95
46 67 49
46 68 30
46 69 81
46 70 9
46 71 86
46 72 64
46 73 18
46 74 5
46 75 99
46 76 46
46 77 30
46 78 74
46 79 4
46 80 39
46 81 5
46 82 8
46 83 53
46 84 65
46 85 35
46 86 23
46 87 76
46 88 35
46 89 89
46 90 65
46 91 49
46 92 88
46 93 40
46 94 31
46 95 3
46 96 75
46 97 65
46 98 93
46 99 85
46 100 66
46 101 100
47 48 8
47 49 92
47 50 37
47 51 34
47 52 2
47 53 41
47 54 24
47 55 68
47 56 40
47 57 47
47 58 58
47 59 15
47 60 91
47 61 61
47 62 73
47 63 58
47 64 46
47 65 74
47 66 76
47 67 69
47 68 87
47 69 60
47 70 9
47 71 9
47 72 75
47 73 77
47 74 9
47 75 42
47 76 22
47 77 45
47 78 53
47 79 32
47 80 8
47 81 19
47 82 85
47 83 63
47 84 98
47 85 79
47 86 39
47 87 97
47 88 47
47 89 74
47 90 44
47 91 16
47 92 16
47 93 0
47 94 59
47 95 66
47 96 60
47 97 10
47 98 20
47 99 7
47 100 47
47 101 57
48 49 71
48 50 34
48 51 18
48 52 11
48 53 86
48 54 21
48 55 82
48 56 60
48 57 59
48 58 26
48 59 56
48 60 57
48 61 100
48 62 96
48 63 90
48 64 6
48 65 92
48 66 43
48 67 6
48 68 74
48 69 44
48 70 69
48 71 83
48 72 41
48 73 53
48 74 44
48 75 53
48 76 39
48 77 28
48 78 50
48 79 35
48 80 91
48 81 35
48 82 44
48 83 22
48 84 3
48 85 77
48 86 87
48 87 79
48 88 12
48 89 35
48 90 17
48 91 83
48 92 82
48 93 13
48 94 11
48 95 5
48 96 49
48 97 67
48 98 17
48 99 11
48 100 84
48 101 57
49 50 29
49 51 54
49 52 77
49 53 15
49 54 59
49 55 75
49 56 24
49 57 72
49 58 0
49 59 80
49 60 38
49 61 10
49 62 28
49 63 4
49 64 40
49 65 36
49 66 21
49 67 27
49 68 67
49 69 8
49 70 69
49 71 17
49 72 82
49 73 41
49 74 0
49 75 13
49 76 27
49 77 34
49 78 100
49 79 77
49 80 13
49 81 49
49 82 81
49 83 3
49 84 61
49 85 30
49 86 81
49 87 18
49 88 46
49 89 55
49 90 52
49 91 97
49 92 37
49 93 34
49 94 67
49 95 62
49 96 32
49 97 87
49 98 48
49 99 1
49 100 86
49 101 2
50 51 31
50 52 28
50 53 8
50 54 6
50 55 22
50 56 91
50 57 62
50 58 84
50 59 27
50 60 7
50 61 63
50 62 67
50 63 32
50 64 96
50 65 32
50 66 14
50 67 60
50 68 46
50 69 88
50 70 85
50 71 44
50 72 49
50 73 91
50 74 85
50 75 19
50 76 49
50 77 20
50 78 43
50 79 66
50 80 91
50 81 4
50 82 14
50 83 56
50 84 52
50 85 21
50 86 48
50 87 6
50 88 9
50 89 27
50 90 99
50 91 71
50 92 27
50 93 5
50 94 73
50 95 9
50 96 11
50 97 14
50 98 71
50 99 20
50 100 60
50 101 77
51 52 42
51 53 47
51 54 67
51 55 8
51 56 40
51 57 29
51 58 52
51 59 25
51 60 79
51 61 82
51 62 25
51 63 61
51 64 89
51 65 85
51 66 22
51 67 6
51 68 19
51 69 39
51 70 67
51 71 47
51 72 40
51 73 0
51 74 43
51 75 35
51 76 15
51 77 65
51 78 97
51 79 90
51 80 84
51 81 77
51 82 79
51 83 6
51 84 13
51 85 80
51 86 1
51 87 86
51 88 0
51 89 23
51 90 50
51 91 29
51 92 26
51 93 100
51 94 49
51 95 39
51 96 19
51 97 86
51 98 60
51 99 17
51 100 4
51 101 52
52 53 78
52 54 1
52 55 66
52 56 47
52 57 27
52 58 16
52 59 53
52 60 39
52 61 53
52 62 77
52 63 90
52 64 33
52 65 68
52 66 93
52 67 22
52 68 74
52 69 70
52 70 22
52 71 94
52 72 100
52 73 94
52 74 32
52 75 17
52 76 77
52 77 53
52 78 80
52 79 74
52 80 42
52 81 79
52 82 79
52 83 6
52 84 5
52 85 8
52 86 55
52 87 78
52 88 58
52 89 18
52 90 71
52 91 25
52 92 41
52 93 64
52 94 29
52 95 12
52 96 29
52 97 99
52 98 30
52 99 92
52 100 84
52 101 84
53 54 42
53 55 5
53 56 56
53 57 72
53 58 84
53 59 59
53 60 26
53 61 31
53 62 71
53 63 79
53 64 41
53 65 53
53 66 16
53 67 63
53 68 54
53 69 53
53 70 9
53 71 44
53 72 100
53 73 21
53 74 41
53 75 67
53 76 27
53 77 89
53 78 33
53 79 35
53 80 7
53 81 39
53 82 93
53 83 20
53 84 43
53 85 26
53 86 15
53 87 11
53 88 24
53 89 98
53 90 6
53 91 72
53 92 28
53 93 65
53 94 65
53 95 44
53 96 47
53 97 18
53 98 41
53 99 27
53 100 52
53 101 58
54 55 93
54 56 74
54 57 14
54 58 88
54 59 42
54 60 25
54 61 67
54 62 15
54 63 97
54 64 83
54 65 69
54 66 97
54 67 7
54 68 33
54 69 83
54 70 15
54 71 79
54 72 4
54 73 66
54 74 70
54 75 90
54 76 59
54 77 41
54 78 2
54 79 28
54 80 12
54 81 48
54 82 76
54 83 73
54 84 67
54 85 22
54 86 81
54 87 63
54 88 3
54 89 84
54 90 63
54 91 69
54 92 53
54 93 13
54 94 14
54 95 97
54 96 6
54 97 29
54 98 61
54 99 75
54 100 7
54 101 99
55 56 99
55 57 33
55 58 76
55 59 3
55 60 87
55 61 10
55 62 12
55 63 9
55 64 46
55 65 81
55 66 39
55 67 19
55 68 75
55 69 89
55 70 50
55 71 89
55 72 49
55 73 16
55 74 77
55 75 34
55 76 41
55 77 3
55 78 86
55 79 10
55 80 9
55 81 73
55 82 73
55 83 47
55 84 99
55 85 26
55 86 82
55 87 91
55 88 95
55 89 66
55 90 87
55 91 74
55 92 25
55 93 15
55 94 72
55 95 14
55 96 40
55 97 4
55 98 44
55 99 25
55 100 56
55 101 60
56 57 78
56 58 43
56 59 40
56 60 36
56 61 42
56 62 20
56 63 54
56 64 62
56 65 1
56 66 56
56 67 40
56 68 88
56 69 30
56 70 82
56 71 78
56 72 48
56 73 88
56 74 65
56 75 63
56 76 93
56 77 81
56 78 57
56 79 51
56 80 2
56 81 22
56 82 82
56 83 6
56 84 31
56 85 82
56 86 57
56 87 51
56 88 86
56 89 29
56 90 25
56 91 87
56 92 60
56 93 85
56 94 100
56 95 32
56 96 94
56 97 7
56 98 53
56 99 11
56 100 19
56 101 11
57 58 47
57 59 64
57 60 63
57 61 87
57 62 44
57 63 9
57 64 84
57 65 68
57 66 56
57 67 29
57 68 85
57 69 61
57 70 7
57 71 98
57 72 95
57 73 64
57 74 32
57 75 93
57 76 80
57 77 5
57 78 99
57 79 99
57 80 14
57 81 62
57 82 71
57 83 54
57 84 61
57 85 54
57 86 1
57 87 56
57 88 16
57 89 76
57 90 32
57 91 95
57 92 7
57 93 100
57 94 99
57 95 22
57 96 35
57 97 96
57 98 55
57 99 50
57 100 17
57 101 67
58 59 99
58 60 94
58 61 21
58 62 11
58 63 91
58 64 33
58 65 72
58 66 53
58 67 69
58 68 62
58 69 86
58 70 22
58 71 31
58 72 93
58 73 54
58 74 50
58 75 4
58 76 16
58 77 95
58 78 76
58 79 15
58 80 21
58 81 36
58 82 63
58 83 47
58 84 86
58 85 41
58 86 92
58 87 50
58 88 8
58 89 79
58 90 13
58 91 44
58 92 30
58 93 2
58 94 7
58 95 16
58 96 51
58 97 87
58 98 74
58 99 39
58 100 2
58 101 78
59 60 97
59 61 62
59 62 34
59 63 75
59 64 41
59 65 39
59 66 45
59 67 74
59 68 66
59 69 71
59 70 60
59 71 40
59 72 13
59 73 10
59 74 56
59 75 11
59 76 78
59 77 24
59 78 14
59 79 66
59 80 76
59 81 82
59 82 20
59 83 100
59 84 6
59 85 72
59 86 53
59 87 22
59 88 6
59 89 78
59 90 47
59 91 7
59 92 5
59 93 26
59 94 37
59 95 11
59 96 26
59 97 70
59 98 74
59 99 88
59 100 21
59 101 30
60 61 85
60 62 1
60 63 30
60 64 76
60 65 47
60 66 63
60 67 34
60 68 41
60 69 41
60 70 6
60 71 93
60 72 15
60 73 41
60 74 34
60 75 56
60 76 69
60 77 19
60 78 99
60 79 46
60 80 44
60 81 93
60 82 21
60 83 12
60 84 12
60 85 69
60 86 15
60 87 15
60 88 16
60 89 39
60 90 64
60 91 22
60 92 46
60 93 96
60 94 81
60 95 85
60 96 23
60 97 90
60 98 42
60 99 40
60 100 75
60 101 45
61 62 45
61 63 16
61 64 81
61 65 79
61 66 86
61 67 74
61 68 81
61 69 64
61 70 69
61 71 53
61 72 8
61 73 97
61 74 41
61 75 33
61 76 5
61 77 95
61 78 14
61 79 78
61 80 66
61 81 39
61 82 89
61 83 39
61 84 79
61 85 100
61 86 49
61 87 37
61 88 4
61 89 27
61 90 24
61 91 85
61 92 19
61 93 89
61 94 94
61 95 48
61 96 29
61 97 23
61 98 58
61 99 66
61 100 40
61 101 35
62 63 52
62 64 22
62 65 61
62 66 32
62 67 58
62 68 56
62 69 25
62 70 75
62 71 88
62 72 19
62 73 99
62 74 92
62 75 25
62 76 51
62 77 8
62 78 3
62 79 100
62 80 27
62 81 83
62 82 32
62 83 0
62 84 24
62 85 31
62 86 40
62 87 29
62 88 42
62 89 44
62 90 50
62 91 18
62 92 17
62 93 51
62 94 49
62 95 4
62 96 44
62 97 28
62 98 72
62 99 0
62 100 2
62 101 82
63 64 93
63 65 34
63 66 60
63 67 81
63 68 19
63 69 76
63 70 77
63 71 71
63 72 50
63 73 80
63 74 100
63 75 72
63 76 97
63 77 91
63 78 38
63 79 66
63 80 38
63 81 10
63 82 83
63 83 55
63 84 46
63 85 92
63 86 69
63 87 67
63 88 11
63 89 64
63 90 7
63 91 49
63 92 7
63 93 51
63 94 10
63 95 21
63 96 54
63 97 13
63 98 17
63 99 82
63 100 63
63 101 42
64 65 92
64 66 0
64 67 68
64 68 40
64 69 31
64 70 65
64 71 4
64 72 16
64 73 48
64 74 78
64 75 89
64 76 8
64 77 41
64 78 98
64 79 44
64 80 89
64 81 59
64 82 86
64 83 84
64 84 30
64 85 43
64 86 42
64 87 65
64 88 24
64 89 3
64 90 71
64 91 55
64 92 44
64 93 48
64 94 31
64 95 0
64 96 2
64 97 30
64 98 48
64 99 23
64 100 33
64 101 87
65 66 38
65 67 1
65 68 100
65 69 24
65 70 96
65 71 50
65 72 21
65 73 53
65 74 37
65 75 8
65 76 1
65 77 3
65 78 0
65 79 16
65 80 67
65 81 69
65 82 92
65 83 52
65 84 20
65 85 66
65 86 27
65 87 25
65 88 71
65 89 48
65 90 99
65 91 9
65 92 89
65 93 60
65 94 83
65 95 90
65 96 37
65 97 62
65 98 84
65 99 92
65 100 73
65 101 74
66 67 49
66 68 23
66 69 75
66 70 35
66 71 12
66 72 67
66 73 39
66 74 90
66 75 73
66 76 97
66 77 47
66 78 7
66 79 30
66 80 70
66 81 19
66 82 71
66 83 92
66 84 23
66 85 85
66 86 5
66 87 76
66 88 97
66 89 7
66 90 9
66 91 37
66 92 49
66 93 23
66 94 76
66 95 11
66 96 98
66 97 51
66 98 73
66 99 56
66 100 14
66 101 7
67 68 38
67 69 52
67 70 18
67 71 59
67 72 51
67 73 61
67 74 56
67 75 27
67 76 77
67 77 11
67 78 100
67 79 57
67 80 89
67 81 1
67 82 64
67 83 86
67 84 16
67 85 74
67 86 31
67 87 59
67 88 45
67 89 19
67 90 1
67 91 36
67 92 19
67 93 22
67 94 77
67 95 2
67 96 64
67 97 30
67 98 37
67 99 46
67 100 13
67 101 49
68 69 49
68 70 65
68 71 47
68 72 94
68 73 84
68 74 45
68 75 31
68 76 39
68 77 31
68 78 100
68 79 80
68 80 14
68 81 82
68 82 22
68 83 31
68 84 50
68 85 45
68 86 62
68 87 83
68 88 30
68 89 0
68 90 47
68 91 2
68 92 38
68 93 10
68 94 50
68 95 88
68 96 89
68 97 5
68 98 13
68 99 52
68 100 6
68 101 75
69 70 98
69 71 79
69 72 84
69 73 82
69 74 63
69 75 86
69 76 32
69 77 68
69 78 13
69 79 16
69 80 90
69 81 22
69 82 37
69 83 12
69 84 6
69 85 58
69 86 55
69 87 13
69 88 11
69 89 77
69 90 25
69 91 63
69 92 13
69 93 76
69 94 100
69 95 77
69 96 91
69 97 93
69 98 1
69 99 63
69 100 12
69 101 95
70 71 91
70 72 29
70 73 73
70 74 14
70 75 39
70 76 3
70 77 100
70 78 23
70 79 25
70 80 78
70 81 60
70 82 49
70 83 67
70 84 62
70 85 97
70 86 68
70 87 51
70 88 7
70 89 21
70 90 66
70 91 6
70 92 87
70 93 3
70 94 52
70 95 76
70 96 91
70 97 93
70 98 80
70 99 89
70 100 52
70 101 10
71 72 21
71 73 63
71 74 54
71 75 59
71 76 34
71 77 98
71 78 29
71 79 84
71 80 4
71 81 32
71 82 11
71 83 87
71 84 69
71 85 0
71 86 93
71 87 86
71 88 61
71 89 19
71 90 32
71 91 16
71 92 46
71 93 3
71 94 70
71 95 17
71 96 47
71 97 59
71 98 50
71 99 64
71 100 67
71 101 82
72 73 66
72 74 91
72 75 83
72 76 11
72 77 20
72 78 37
72 79 38
72 80 55
72 81 13
72 82 48
72 83 8
72 84 91
72 85 55
72 86 45
72 87 98
72 88 43
72 89 21
72 90 92
72 91 65
72 92 49
72 93 39
72 94 22
72 95 45
72 96 11
72 97 96
72 98 16
72 99 28
72 100 20
72 101 46
73 74 46
73 75 94
73 76 70
73 77 64
73 78 79
73 79 6
73 80 66
73 81 13
73 82 69
73 83 42
73 84 16
73 85 20
73 86 40
73 87 47
73 88 57
73 89 41
73 90 18
73 91 15
73 92 32
73 93 25
73 94 17
73 95 74
73 96 16
73 97 8
73 98 35
73 99 79
73 100 55
73 101 0
74 75 66
74 76 36
74 77 41
74 78 38
74 79 5
74 80 71
74 81 56
74 82 79
74 83 54
74 84 97
74 85 74
74 86 45
74 87 53
74 88 25
74 89 45
74 90 9
74 91 97
74 92 88
74 93 10
74 94 45
74 95 69
74 96 15
74 97 0
74 98 45
74 99 70
74 100 70
74 101 33
75 76 31
75 77 39
75 78 86
75 79 74
75 80 59
75 81 100
75 82 77
75 83 37
75 84 65
75 85 79
75 86 17
75 87 85
75 88 69
75 89 12
75 90 67
75 91 56
75 92 93
75 93 29
75 94 38
75 95 86
75 96 33
75 97 12
75 98 1
75 99 12
75 100 85
75 101 8
76 77 86
76 78 89
76 79 59
76 80 92
76 81 44
76 82 90
76 83 13
76 84 23
76 85 99
76 86 25
76 87 8
76 88 93
76 89 56
76 90 19
76 91 57
76 92 49
76 93 20
76 94 82
76 95 65
76 96 26
76 97 77
76 98 72
76 99 25
76 100 12
76 101 82
77 78 63
77 79 3
77 80 40
77 81 67
77 82 85
77 83 44
77 84 31
77 85 47
77 86 52
77 87 81
77 88 29
77 89 37
77 90 11
77 91 56
77 92 39
77 93 34
77 94 66
77 95 68
77 96 7
77 97 57
77 98 40
77 99 99
77 100 9
77 101 17
78 79 78
78 80 1
78 81 46
78 82 72
78 83 49
78 84 62
78 85 80
78 86 2
78 87 80
78 88 99
78 89 25
78 90 67
78 91 27
78 92 44
78 93 52
78 94 16
78 95 16
78 96 93
78 97 62
78 98 96
78 99 31
78 100 34
78 101 99
79 80 71
79 81 70
79 82 65
79 83 12
79 84 25
79 85 59
79 86 99
79 87 40
79 88 3
79 89 0
79 90 97
79 91 65
79 92 78
79 93 93
79 94 12
79 95 60
79 96 9
79 97 37
79 98 34
79 99 2
79 100 60
79 101 66
80 81 80
80 82 91
80 83 46
80 84 91
80 85 73
80 86 79
80 87 78
80 88 98
80 89 92
80 90 9
80 91 42
80 92 0
80 93 17
80 94 32
80 95 10
80 96 23
80 97 61
80 98 19
80 99 42
80 100 48
80 101 6
81 82 81
81 83 14
81 84 7
81 85 92
81 86 17
81 87 25
81 88 25
81 89 63
81 90 46
81 91 14
81 92 14
81 93 66
81 94 44
81 95 31
81 96 14
81 97 44
81 98 6
81 99 64
81 100 48
81 101 79
82 83 12
82 84 33
82 85 86
82 86 69
82 87 87
82 88 97
82 89 18
82 90 22
82 91 39
82 92 62
82 93 61
82 94 19
82 95 88
82 96 14
82 97 96
82 98 95
82 99 88
82 100 69
82 101 7
83 84 36
83 85 90
83 86 31
83 87 28
83 88 32
83 89 47
83 90 59
83 91 93
83 92 76
83 93 84
83 94 98
83 95 82
83 96 68
83 97 58
83 98 18
83 99 11
83 100 82
83 101 46
84 85 15
84 86 66
84 87 9
84 88 52
84 89 35
84 90 100
84 91 51
84 92 19
84 93 3
84 94 73
84 95 71
84 96 100
84 97 52
84 98 33
84 99 54
84 100 92
84 101 84
85 86 50
85 87 21
85 88 97
85 89 57
85 90 88
85 91 44
85 92 41
85 93 99
85 94 60
85 95 33
85 96 12
85 97 23
85 98 55
85 99 10
85 100 93
85 101 44
86 87 46
86 88 36
86 89 98
86 90 58
86 91 6
86 92 68
86 93 64
86 94 10
86 95 95
86 96 28
86 97 10
86 98 61
86 99 74
86 100 48
86 101 95
87 88 42
87 89 99
87 90 21
87 91 84
87 92 37
87 93 2
87 94 39
87 95 25
87 96 89
87 97 89
87 98 33
87 99 79
87 100 3
87 101 100
88 89 76
88 90 58
88 91 76
88 92 67
88 93 48
88 94 89
88 95 9
88 96 78
88 97 9
88 98 4
88 99 97
88 100 74
88 101 99
89 90 17
89 91 59
89 92 49
89 93 62
89 94 1
89 95 65
89 96 22
89 97 48
89 98 46
89 99 100
89 100 60
89 101 72
90 91 24
90 92 54
90 93 60
90 94 56
90 95 39
90 96 15
90 97 18
90 98 18
90 99 33
90 100 0
90 101 33
91 92 16
91 93 35
91 94 24
91 95 70
91 96 51
91 97 60
91 98 0
91 99 92
91 100 22
91 101 3
92 93 91
92 94 49
92 95 79
92 96 1
92 97 3
92 98 52
92 99 50
92 100 60
92 101 12
93 94 29
93 95 19
93 96 2
93 97 47
93 98 46
93 99 7
93 100 51
93 101 77
94 95 4
94 96 11
94 97 42
94 98 73
94 99 52
94 100 3
94 101 71
95 96 7
95 97 100
95 98 73
95 99 92
95 100 43
95 101 33
96 97 64
96 98 12
96 99 20
96 100 2
96 101 65
97 98 79
97 99 4
97 100 38
97 101 56
98 99 4
98 100 88
98 101 22
99 100 23
99 101 98
100 101 84
