64 2016
1 2 88
1 3 77
1 4 14
1 5 18
1 6 18
1 7 6
1 8 50
1 9 57
1 10 63
1 11 38
1 12 4
1 13 31
1 14 33
1 15 92
1 16 19
1 17 62
1 18 28
1 19 94
1 20 12
1 21 12
1 22 82
1 23 36
1 24 43
1 25 55
1 26 42
1 27 47
1 28 9
1 29 16
1 30 45
1 31 50
1 32 87
1 33 85
1 34 42
1 35 23
1 36 9
1 37 19
1 38 1
1 39 67
1 40 72
1 41 49
1 42 95
1 43 51
1 44 8
1 45 70
1 46 95
1 47 71
1 48 65
1 49 78
1 50 3
1 51 17
1 52 93
1 53 59
1 54 75
1 55 68
1 56 87
1 57 45
1 58 74
1 59 61
1 60 35
1 61 88
1 62 72
1 63 22
1 64 77
2 3 87
2 4 1
2 5 7
2 6 16
2 7 14
2 8 69
2 9 14
2 10 4
2 11 22
2 12 80
2 13 19
2 14 17
2 15 47
2 16 41
2 17 92
2 18 67
2 19 45
2 20 95
2 21 80
2 22 10
2 23 77
2 24 71
2 25 46
2 26 12
2 27 86
2 28 43
2 29 79
2 30 95
2 31 88
2 32 2
2 33 5
2 34 1
2 35 80
2 36 93
2 37 56
2 38 54
2 39 48
2 40 76
2 41 63
2 42 92
2 43 87
2 44 89
2 45 51
2 46 73
2 47 71
2 48 97
2 49 35
2 50 83
2 51 8
2 52 6
2 53 51
2 54 86
2 55 37
2 56 62
2 57 58
2 58 20
2 59 6
2 60 79
2 61 49
2 62 30
2 63 4
2 64 27
3 4 55
3 5 24
3 6 91
3 7 79
3 8 43
3 9 44
3 10 54
3 11 80
3 12 59
3 13 15
3 14 75
3 15 88
3 16 16
3 17 35
3 18 11
3 19 86
3 20 85
3 21 5
3 22 91
3 23 79
3 24 88
3 25 75
3 26 22
3 27 78
3 28 81
3 29 46
3 30 12
3 31 77
3 32 85
3 33 90
3 34 22
3 35 88
3 36 42
3 37 95
3 38 18
3 39 48
3 40 70
3 41 23
3 42 51
3 43 71
3 44 21
3 45 11
3 46 0
3 47 26
3 48 43
3 49 88
3 50 13
3 51 7
3 52 12
3 53 5
3 54 24
3 55 37
3 56 29
3 57 97
3 58 52
3 59 25
3 60 53
3 61 26
3 62 7
3 63 63
3 64 28
4 5 81
4 6 28
4 7 54
4 8 54
4 9 94
4 10 36
4 11 51
4 12 0
4 13 81
4 14 49
4 15 39
4 16 2
4 17 52
4 18 30
4 19 33
4 20 33
4 21 65
4 22 10
4 23 99
4 24 78
4 25 97
4 26 79
4 27 55
4 28 15
4 29 35
4 30 25
4 31 98
4 32 51
4 33 24
4 34 97
4 35 14
4 36 41
4 37 5
4 38 18
4 39 22
4 40 89
4 41 71
4 42 36
4 43 0
4 44 85
4 45 22
4 46 9
4 47 95
4 48 6
4 49 15
4 50 39
4 51 66
4 52 69
4 53 91
4 54 81
4 55 58
4 56 94
4 57 33
4 58 41
4 59 56
4 60 30
4 61 34
4 62 42
4 63 63
4 64 30
5 6 44
5 7 53
5 8 11
5 9 38
5 10 9
5 11 95
5 12 90
5 13 55
5 14 45
5 15 4
5 16 54
5 17 49
5 18 44
5 19 76
5 20 54
5 21 59
5 22 66
5 23 16
5 24 17
5 25 17
5 26 56
5 27 49
5 28 91
5 29 88
5 30 19
5 31 78
5 32 95
5 33 77
5 34 63
5 35 25
5 36 18
5 37 32
5 38 97
5 39 51
5 40 64
5 41 56
5 42 62
5 43 26
5 44 75
5 45 19
5 46 96
5 47 1
5 48 71
5 49 16
5 50 22
5 51 17
5 52 76
5 53 11
5 54 98
5 55 96
5 56 37
5 57 37
5 58 90
5 59 79
5 60 68
5 61 22
5 62 46
5 63 46
5 64 47
6 7 33
6 8 75
6 9 28
6 10 59
6 11 25
6 12 97
6 13 1
6 14 79
6 15 57
6 16 3
6 17 15
6 18 31
6 19 58
6 20 0
6 21 15
6 22 71
6 23 13
6 24 44
6 25 58
6 26 69
6 27 29
6 28 28
6 29 58
6 30 17
6 31 92
6 32 84
6 33 48
6 34 85
6 35 31
6 36 23
6 37 17
6 38 55
6 39 27
6 40 51
6 41 30
6 42 41
6 43 61
6 44 82
6 45 65
6 46 54
6 47 14
6 48 17
6 49 30
6 50 91
6 51 59
6 52 44
6 53 46
6 54 23
6 55 74
6 56 44
6 57 70
6 58 41
6 59 50
6 60 63
6 61 32
6 62 73
6 63 60
6 64 77
7 8 39
7 9 49
7 10 22
7 11 71
7 12 35
7 13 69
7 14 70
7 15 23
7 16 28
7 17 59
7 18 86
7 19 7
7 20 23
7 21 93
7 22 93
7 23 33
7 24 15
7 25 1
7 26 56
7 27 37
7 28 15
7 29 67
7 30 31
7 31 53
7 32 4
7 33 12
7 34 58
7 35 73
7 36 63
7 37 95
7 38 68
7 39 41
7 40 30
7 41 12
7 42 97
7 43 88
7 44 27
7 45 42
7 46 3
7 47 7
7 48 14
7 49 99
7 50 77
7 51 91
7 52 22
7 53 94
7 54 100
7 55 68
7 56 90
7 57 85
7 58 68
7 59 54
7 60 22
7 61 66
7 62 77
7 63 49
7 64 19
8 9 71
8 10 33
8 11 33
8 12 20
8 13 36
8 14 42
8 15 22
8 16 9
8 17 13
8 18 100
8 19 34
8 20 94
8 21 20
8 22 24
8 23 29
8 24 75
8 25 14
8 26 68
8 27 2
8 28 7
8 29 7
8 30 63
8 31 61
8 32 82
8 33 21
8 34 82
8 35 50
8 36 19
8 37 43
8 38 41
8 39 68
8 40 56
8 41 44
8 42 85
8 43 98
8 44 53
8 45 28
8 46 76
8 47 77
8 48 86
8 49 58
8 50 49
8 51 45
8 52 37
8 53 50
8 54 48
8 55 41
8 56 79
8 57 91
8 58 85
8 59 98
8 60 72
8 61 95
8 62 11
8 63 38
8 64 68
9 10 67
9 11 10
9 12 30
9 13 59
9 14 27
9 15 56
9 16 59
9 17 69
9 18 93
9 19 4
9 20 32
9 21 93
9 22 20
9 23 61
9 24 19
9 25 92
9 26 77
9 27 16
9 28 80
9 29 44
9 30 17
9 31 95
9 32 3
9 33 5
9 34 40
9 35 71
9 36 95
9 37 43
9 38 21
9 39 35
9 40 38
9 41 85
9 42 56
9 43 15
9 44 69
9 45 100
9 46 94
9 47 56
9 48 0
9 49 92
9 50 5
9 51 67
9 52 75
9 53 99
9 54 54
9 55 92
9 56 12
9 57 65
9 58 83
9 59 69
9 60 47
9 61 28
9 62 69
9 63 10
9 64 49
10 11 4
10 12 51
10 13 20
10 14 35
10 15 43
10 16 71
10 17 4
10 18 41
10 19 35
10 20 74
10 21 95
10 22 72
10 23 58
10 24 40
10 25 13
10 26 76
10 27 35
10 28 35
10 29 32
10 30 29
10 31 49
10 32 24
10 33 88
10 34 62
10 35 90
10 36 33
10 37 49
10 38 34
10 39 18
10 40 2
10 41 13
10 42 92
10 43 13
10 44 73
10 45 51
10 46 86
10 47 15
10 48 37
10 49 12
10 50 71
10 51 65
10 52 89
10 53 58
10 54 91
10 55 48
10 56 3
10 57 10
10 58 11
10 59 58
10 60 39
10 61 89
10 62 79
10 63 44
10 64 62
11 12 22
11 13 35
11 14 20
11 15 80
11 16 51
11 17 20
11 18 98
11 19 88
11 20 0
11 21 0
11 22 40
11 23 51
11 24 71
11 25 28
11 26 82
11 27 69
11 28 57
11 29 94
11 30 76
11 31 20
11 32 98
11 33 24
11 34 8
11 35 61
11 36 17
11 37 27
11 38 28
11 39 54
11 40 89
11 41 86
11 42 2
11 43 57
11 44 4
11 45 25
11 46 25
11 47 73
11 48 32
11 49 43
11 50 26
11 51 19
11 52 82
11 53 71
11 54 45
11 55 13
11 56 72
11 57 76
11 58 93
11 59 99
11 60 91
11 61 42
11 62 21
11 63 42
11 64 65
12 13 98
12 14 74
12 15 50
12 16 87
12 17 35
12 18 42
12 19 79
12 20 92
12 21 74
12 22 85
12 23 85
12 24 27
12 25 20
12 26 31
12 27 71
12 28 59
12 29 83
12 30 70
12 31 20
12 32 38
12 33 61
12 34 9
12 35 45
12 36 27
12 37 74
12 38 36
12 39 16
12 40 82
12 41 12
12 42 37
12 43 83
12 44 79
12 45 67
12 46 64
12 47 78
12 48 37
12 49 99
12 50 76
12 51 29
12 52 79
12 53 55
12 54 42
12 55 49
12 56 75
12 57 55
12 58 5
12 59 72
12 60 45
12 61 19
12 62 66
12 63 57
12 64 12
13 14 12
13 15 96
13 16 86
13 17 89
13 18 71
13 19 94
13 20 39
13 21 48
13 22 82
13 23 65
13 24 26
13 25 65
13 26 78
13 27 11
13 28 34
13 29 67
13 30 86
13 31 30
13 32 91
13 33 94
13 34 61
13 35 71
13 36 76
13 37 30
13 38 81
13 39 21
13 40 72
13 41 47
13 42 1
13 43 26
13 44 16
13 45 5
13 46 30
13 47 69
13 48 18
13 49 94
13 50 88
13 51 39
13 52 61
13 53 63
13 54 81
13 55 39
13 56 80
13 57 32
13 58 85
13 59 27
13 60 1
13 61 20
13 62 39
13 63 1
13 64 6
14 15 72
14 16 80
14 17 38
14 18 94
14 19 70
14 20 5
14 21 88
14 22 33
14 23 59
14 24 42
14 25 67
14 26 69
14 27 26
14 28 13
14 29 15
14 30 21
14 31 22
14 32 1
14 33 74
14 34 43
14 35 30
14 36 26
14 37 34
14 38 53
14 39 25
14 40 24
14 41 84
14 42 9
14 43 3
14 44 12
14 45 1
14 46 96
14 47 36
14 48 17
14 49 24
14 50 68
14 51 6
14 52 57
14 53 3
14 54 100
14 55 10
14 56 27
14 57 52
14 58 19
14 59 4
14 60 73
14 61 90
14 62 7
14 63 99
14 64 91
15 16 87
15 17 80
15 18 96
15 19 12
15 20 68
15 21 92
15 22 94
15 23 50
15 24 39
15 25 64
15 26 1
15 27 66
15 28 31
15 29 88
15 30 71
15 31 75
15 32 67
15 33 53
15 34 75
15 35 57
15 36 74
15 37 11
15 38 10
15 39 66
15 40 32
15 41 10
15 42 24
15 43 22
15 44 80
15 45 75
15 46 31
15 47 3
15 48 4
15 49 72
15 50 17
15 51 58
15 52 93
15 53 84
15 54 83
15 55 100
15 56 48
15 57 48
15 58 33
15 59 60
15 60 93
15 61 74
15 62 80
15 63 51
15 64 44
16 17 48
16 18 25
16 19 64
16 20 100
16 21 57
16 22 81
16 23 86
16 24 6
16 25 35
16 26 32
16 27 77
16 28 16
16 29 66
16 30 84
16 31 20
16 32 18
16 33 13
16 34 15
16 35 72
16 36 89
16 37 89
16 38 80
16 39 48
16 40 68
16 41 38
16 42 6
16 43 96
16 44 50
16 45 57
16 46 94
16 47 82
16 48 48
16 49 67
16 50 100
16 51 14
16 52 87
16 53 90
16 54 32
16 55 90
16 56 74
16 57 61
16 58 11
16 59 34
16 60 91
16 61 26
16 62 46
16 63 9
16 64 20
17 18 73
17 19 89
17 20 61
17 21 90
17 22 44
17 23 47
17 24 22
17 25 50
17 26 100
17 27 56
17 28 93
17 29 100
17 30 18
17 31 11
17 32 48
17 33 82
17 34 31
17 35 88
17 36 72
17 37 63
17 38 36
17 39 75
17 40 74
17 41 32
17 42 55
17 43 90
17 44 44
17 45 85
17 46 31
17 47 27
17 48 51
17 49 16
17 50 92
17 51 18
17 52 59
17 53 10
17 54 20
17 55 48
17 56 7
17 57 26
17 58 54
17 59 64
17 60 78
17 61 32
17 62 73
17 63 19
17 64 21
18 19 35
18 20 22
18 21 90
18 22 76
18 23 94
18 24 32
18 25 3
18 26 77
18 27 36
18 28 60
18 29 91
18 30 30
18 31 71
18 32 58
18 33 90
18 34 75
18 35 38
18 36 96
18 37 51
18 38 39
18 39 91
18 40 99
18 41 5
18 42 39
18 43 55
18 44 53
18 45 90
18 46 33
18 47 98
18 48 18
18 49 63
18 50 72
18 51 7
18 52 34
18 53 43
18 54 37
18 55 70
18 56 5
18 57 57
18 58 29
18 59 73
18 60 96
18 61 60
18 62 23
18 63 87
18 64 38
19 20 75
19 21 43
19 22 23
19 23 65
19 24 83
19 25 50
19 26 42
19 27 29
19 28 21
19 29 12
19 30 30
19 31 35
19 32 31
19 33 69
19 34 80
19 35 29
19 36 82
19 37 83
19 38 93
19 39 32
19 40 0
19 41 76
19 42 62
19 43 38
19 44 63
19 45 28
19 46 87
19 47 40
19 48 36
19 49 34
19 50 0
19 51 55
19 52 49
19 53 10
19 54 9
19 55 74
19 56 57
19 57 39
19 58 14
19 59 75
19 60 74
19 61 26
19 62 44
19 63 93
19 64 39
20 21 23
20 22 14
20 23 66
20 24 53
20 25 65
20 26 38
20 27 25
20 28 94
20 29 58
20 30 44
20 31 35
20 32 23
20 33 7
20 34 83
20 35 5
20 36 72
20 37 48
20 38 45
20 39 23
20 40 47
20 41 78
20 42 79
20 43 55
20 44 33
20 45 57
20 46 27
20 47 53
20 48 63
20 49 59
20 50 24
20 51 64
20 52 50
20 53 51
20 54 92
20 55 93
20 56 80
20 57 54
20 58 6
20 59 9
20 60 40
20 61 4
20 62 0
20 63 10
20 64 74
21 22 100
21 23 65
21 24 79
21 25 50
21 26 8
21 27 9
21 28 92
21 29 23
21 30 3
21 31 95
21 32 94
21 33 83
21 34 48
21 35 81
21 36 73
21 37 15
21 38 75
21 39 45
21 40 56
21 41 45
21 42 19
21 43 2
21 44 51
21 45 66
21 46 42
21 47 98
21 48 50
21 49 70
21 50 33
21 51 98
21 52 100
21 53 15
21 54 52
21 55 89
21 56 12
21 57 13
21 58 87
21 59 7
21 60 50
21 61 76
21 62 77
21 63 42
21 64 76
22 23 60
22 24 54
22 25 56
22 26 96
22 27 1
22 28 66
22 29 6
22 30 82
22 31 48
22 32 74
22 33 18
22 34 74
22 35 94
22 36 92
22 37 67
22 38 24
22 39 31
22 40 86
22 41 22
22 42 61
22 43 9
22 44 66
22 45 6
22 46 75
22 47 13
22 48 69
22 49 99
22 50 67
22 51 66
22 52 10
22 53 100
22 54 73
22 55 99
22 56 72
22 57 26
22 58 54
22 59 98
22 60 2
22 61 26
22 62 13
22 63 79
22 64 67
23 24 8
23 25 75
23 26 31
23 27 36
23 28 28
23 29 7
23 30 29
23 31 59
23 32 46
23 33 82
23 34 61
23 35 98
23 36 69
23 37 17
23 38 90
23 39 31
23 40 52
23 41 79
23 42 52
23 43 93
23 44 43
23 45 0
23 46 5
23 47 66
23 48 92
23 49 43
23 50 36
23 51 45
23 52 8
23 53 45
23 54 35
23 55 4
23 56 37
23 57 85
23 58 17
23 59 40
23 60 65
23 61 1
23 62 66
23 63 79
23 64 40
24 25 69
24 26 2
24 27 34
24 28 24
24 29 57
24 30 60
24 31 60
24 32 5
24 33 91
24 34 35
24 35 94
24 36 31
24 37 45
24 38 76
24 39 70
24 40 17
24 41 37
24 42 30
24 43 92
24 44 8
24 45 31
24 46 47
24 47 48
24 48 50
24 49 4
24 50 57
24 51 38
24 52 50
24 53 79
24 54 47
24 55 83
24 56 2
24 57 88
24 58 51
24 59 15
24 60 11
24 61 1
24 62 26
24 63 66
24 64 83
25 26 70
25 27 29
25 28 81
25 29 74
25 30 99
25 31 56
25 32 30
25 33 48
25 34 72
25 35 87
25 36 98
25 37 66
25 38 61
25 39 9
25 40 72
25 41 68
25 42 23
25 43 50
25 44 95
25 45 89
25 46 59
25 47 56
25 48 74
25 49 10
25 50 12
25 51 65
25 52 99
25 53 77
25 54 60
25 55 16
25 56 12
25 57 52
25 58 44
25 59 9
25 60 66
25 61 76
25 62 98
25 63 81
25 64 28
26 27 8
26 28 96
26 29 69
26 30 31
26 31 83
26 32 55
26 33 64
26 34 68
26 35 24
26 36 76
26 37 30
26 38 69
26 39 57
26 40 92
26 41 61
26 42 10
26 43 97
26 44 1
26 45 55
26 46 99
26 47 33
26 48 92
26 49 52
26 50 43
26 51 62
26 52 32
26 53 94
26 54 57
26 55 100
26 56 62
26 57 91
26 58 92
26 59 79
26 60 33
26 61 97
26 62 99
26 63 13
26 64 44
27 28 66
27 29 55
27 30 78
27 31 25
27 32 90
27 33 45
27 34 78
27 35 1
27 36 22
27 37 59
27 38 99
27 39 16
27 40 14
27 41 89
27 42 9
27 43 1
27 44 16
27 45 49
27 46 27
27 47 87
27 48 51
27 49 8
27 50 93
27 51 6
27 52 11
27 53 32
27 54 49
27 55 38
27 56 11
27 57 92
27 58 90
27 59 58
27 60 40
27 61 26
27 62 43
27 63 32
27 64 70
28 29 6
28 30 0
28 31 16
28 32 52
28 33 10
28 34 50
28 35 38
28 36 82
28 37 42
28 38 13
28 39 4
28 40 28
28 41 9
28 42 83
28 43 13
28 44 90
28 45 62
28 46 93
28 47 99
28 48 99
28 49 14
28 50 41
28 51 70
28 52 53
28 53 92
28 54 76
28 55 83
28 56 58
28 57 48
28 58 18
28 59 51
28 60 54
28 61 64
28 62 79
28 63 83
28 64 40
29 30 9
29 31 85
29 32 95
29 33 20
29 34 51
29 35 27
29 36 32
29 37 75
29 38 89
29 39 33
29 40 73
29 41 72
29 42 40
29 43 26
29 44 46
29 45 48
29 46 76
29 47 12
29 48 46
29 49 95
29 50 25
29 51 10
29 52 33
29 53 23
29 54 46
29 55 77
29 56 30
29 57 40
29 58 8
29 59 3
29 60 13
29 61 43
29 62 54
29 63 71
29 64 26
30 31 70
30 32 14
30 33 76
30 34 19
30 35 27
30 36 77
30 37 15
30 38 87
30 39 75
30 40 38
30 41 39
30 42 99
30 43 24
30 44 41
30 45 5
30 46 96
30 47 73
30 48 80
30 49 73
30 50 3
30 51 81
30 52 4
30 53 10
30 54 69
30 55 60
30 56 60
30 57 3
30 58 35
30 59 38
30 60 28
30 61 12
30 62 87
30 63 33
30 64 44
31 32 11
31 33 25
31 34 18
31 35 61
31 36 91
31 37 36
31 38 34
31 39 69
31 40 79
31 41 18
31 42 25
31 43 52
31 44 1
31 45 55
31 46 23
31 47 11
31 48 57
31 49 56
31 50 70
31 51 78
31 52 16
31 53 38
31 54 3
31 55 10
31 56 44
31 57 32
31 58 94
31 59 9
31 60 83
31 61 49
31 62 78
31 63 47
31 64 16
32 33 89
32 34 90
32 35 5
32 36 96
32 37 86
32 38 58
32 39 6
32 40 48
32 41 100
32 42 34
32 43 88
32 44 58
32 45 91
32 46 46
32 47 20
32 48 47
32 49 14
32 50 83
32 51 29
32 52 55
32 53 50
32 54 37
32 55 19
32 56 43
32 57 76
32 58 79
32 59 50
32 60 79
32 61 68
32 62 89
32 63 90
32 64 77
33 34 82
33 35 74
33 36 80
33 37 74
33 38 93
33 39 86
33 40 96
33 41 15
33 42 32
33 43 32
33 44 24
33 45 91
33 46 49
33 47 36
33 48 47
33 49 93
33 50 46
33 51 50
33 52 58
33 53 24
33 54 80
33 55 93
33 56 77
33 57 33
33 58 33
33 59 0
33 60 98
33 61 78
33 62 76
33 63 11
33 64 7
34 35 79
34 36 59
34 37 77
34 38 32
34 39 64
34 40 49
34 41 6
34 42 59
34 43 9
34 44 83
34 45 39
34 46 14
34 47 70
34 48 35
34 49 0
34 50 3
34 51 90
34 52 53
34 53 28
34 54 91
34 55 60
34 56 88
34 57 58
34 58 58
34 59 74
34 60 48
34 61 73
34 62 89
34 63 20
34 64 22
35 36 86
35 37 61
35 38 71
35 39 62
35 40 48
35 41 83
35 42 54
35 43 89
35 44 68
35 45 88
35 46 79
35 47 95
35 48 22
35 49 67
35 50 16
35 51 37
35 52 100
35 53 74
35 54 37
35 55 36
35 56 47
35 57 72
35 58 71
35 59 32
35 60 20
35 61 48
35 62 8
35 63 87
35 64 5
36 37 50
36 38 95
36 39 4
36 40 73
36 41 17
36 42 51
36 43 0
36 44 33
36 45 66
36 46 77
36 47 0
36 48 60
36 49 65
36 50 26
36 51 26
36 52 46
36 53 18
36 54 77
36 55 91
36 56 48
36 57 18
36 58 36
36 59 42
36 60 16
36 61 26
36 62 15
36 63 36
36 64 31
37 38 19
37 39 81
37 40 29
37 41 54
37 42 10
37 43 11
37 44 69
37 45 22
37 46 1
37 47 73
37 48 23
37 49 96
37 50 27
37 51 82
37 52 85
37 53 3
37 54 49
37 55 56
37 56 29
37 57 58
37 58 71
37 59 90
37 60 59
37 61 80
37 62 92
37 63 69
37 64 64
38 39 41
38 40 69
38 41 58
38 42 4
38 43 24
38 44 25
38 45 38
38 46 92
38 47 9
38 48 78
38 49 56
38 50 46
38 51 56
38 52 65
38 53 95
38 54 100
38 55 41
38 56 63
38 57 20
38 58 84
38 59 96
38 60 70
38 61 74
38 62 94
38 63 67
38 64 100
39 40 30
39 41 9
39 42 39
39 43 64
39 44 40
39 45 73
39 46 31
39 47 51
39 48 57
39 49 34
39 50 51
39 51 36
39 52 66
39 53 69
39 54 31
39 55 1
39 56 5
39 57 48
39 58 49
39 59 34
39 60 55
39 61 59
39 62 68
39 63 99
39 64 6
40 41 13
40 42 13
40 43 80
40 44 94
40 45 84
40 46 31
40 47 59
40 48 53
40 49 97
40 50 28
40 51 77
40 52 67
40 53 23
40 54 19
40 55 88
40 56 86
40 57 77
40 58 96
40 59 71
40 60 41
40 61 75
40 62 78
40 63 89
40 64 54
41 42 62
41 43 83
41 44 43
41 45 2
41 46 55
41 47 31
41 48 12
41 49 7
41 50 47
41 51 50
41 52 54
41 53 47
41 54 70
41 55 9
41 56 45
41 57 61
41 58 94
41 59 23
41 60 76
41 61 35
41 62 47
41 63 68
41 64 57
42 43 20
42 44 13
42 45 38
42 46 60
42 47 2
42 48 62
42 49 57
42 50 56
42 51 40
42 52 59
42 53 22
42 54 51
42 55 8
42 56 13
42 57 49
42 58 100
42 59 59
42 60 83
42 61 72
42 62 68
42 63 78
42 64 94
43 44 14
43 45 64
43 46 0
43 47 77
43 48 15
43 49 55
43 50 13
43 51 15
43 52 92
43 53 83
43 54 10
43 55 79
43 56 54
43 57 64
43 58 72
43 59 52
43 60 61
43 61 83
43 62 26
43 63 94
43 64 98
44 45 65
44 46 53
44 47 43
44 48 28
44 49 86
44 50 90
44 51 80
44 52 86
44 53 8
44 54 90
44 55 70
44 56 47
44 57 63
44 58 20
44 59 60
44 60 42
44 61 66
44 62 60
44 63 61
44 64 54
45 46 25
45 47 69
45 48 21
45 49 20
45 50 13
45 51 47
45 52 64
45 53 34
45 54 38
45 55 72
45 56 100
45 57 7
45 58 80
45 59 74
45 60 25
45 61 70
45 62 2
45 63 50
45 64 94
46 47 94
46 48 93
46 49 8
46 50 67
46 51 72
46 52 24
46 53 96
46 54 37
46 55 34
46 56 79
46 57 26
46 58 8
46 59 60
46 60 49
46 61 68
46 62 69
46 63 58
46 64 43
47 48 100
47 49 81
47 50 58
47 51 73
47 52 53
47 53 65
47 54 48
47 55 46
47 56 92
47 57 94
47 58 90
47 59 36
47 60 21
47 61 94
47 62 52
47 63 82
47 64 31
48 49 67
48 50 61
48 51 98
48 52 36
48 53 41
48 54 36
48 55 46
48 56 35
48 57 42
48 58 83
48 59 74
48 60 5
48 61 54
48 62 80
48 63 69
48 64 74
49 50 23
49 51 98
49 52 3
49 53 23
49 54 19
49 55 84
49 56 66
49 57 54
49 58 67
49 59 0
49 60 13
49 61 26
49 62 100
49 63 26
49 64 76
50 51 78
50 52 82
50 53 20
50 54 64
50 55 96
50 56 5
50 57 28
50 58 93
50 59 2
50 60 76
50 61 37
50 62 14
50 63 29
50 64 85
51 52 79
51 53 97
51 54 11
51 55 69
51 56 86
51 57 37
51 58 79
51 59 21
51 60 56
51 61 43
51 62 20
51 63 53
51 64 50
52 53 1
52 54 15
52 55 48
52 56 53
52 57 7
52 58 67
52 59 66
52 60 68
52 61 96
52 62 96
52 63 79
52 64 46
53 54 17
53 55 77
53 56 40
53 57 27
53 58 20
53 59 96
53 60 52
53 61 100
53 62 25
53 63 77
53 64 64
54 55 50
54 56 14
54 57 38
54 58 79
54 59 85
54 60 39
54 61 12
54 62 93
54 63 5
54 64 16
55 56 48
55 57 63
55 58 3
55 59 94
55 60 99
55 61 29
55 62 94
55 63 36
55 64 63
56 57 28
56 58 67
56 59 81
56 60 59
56 61 28
56 62 12
56 63 54
56 64 20
57 58 42
57 59 86
57 60 72
57 61 98
57 62 34
57 63 21
57 64 46
58 59 96
58 60 23
58 61 68
58 62 26
58 63 46
58 64 26
59 60 40
59 61 83
59 62 0
59 63 93
59 64 91
60 61 61
60 62 32
60 63 92
60 64 57
61 62 78
61 63 58
61 64 33
62 63 63
62 64 65
63 64 67
