75 2775
1 2 51
1 3 9
1 4 38
1 5 82
1 6 74
1 7 13
1 8 52
1 9 85
1 10 58
1 11 69
1 12 23
1 13 6
1 14 96
1 15 12
1 16 87
1 17 77
1 18 3
1 19 93
1 20 51
1 21 27
1 22 92
1 23 100
1 24 25
1 25 15
1 26 76
1 27 46
1 28 32
1 29 80
1 30 23
1 31 70
1 32 22
1 33 33
1 34 24
1 35 76
1 36 14
1 37 0
1 38 27
1 39 60
1 40 98
1 41 76
1 42 12
1 43 70
1 44 37
1 45 20
1 46 16
1 47 84
1 48 81
1 49 98
1 50 62
1 51 97
1 52 91
1 53 40
1 54 24
1 55 13
1 56 45
1 57 98
1 58 32
1 59 12
1 60 65
1 61 62
1 62 46
1 63 61
1 64 82
1 65 22
1 66 21
1 67 61
1 68 51
1 69 44
1 70 57
1 71 0
1 72 44
1 73 49
1 74 91
1 75 57
2 3 70
2 4 86
2 5 88
2 6 6
2 7 20
2 8 77
2 9 91
2 10 70
2 11 40
2 12 0
2 13 29
2 14 70
2 15 44
2 16 65
2 17 88
2 18 28
2 19 46
2 20 20
2 21 12
2 22 81
2 23 44
2 24 27
2 25 0
2 26 74
2 27 67
2 28 0
2 29 60
2 30 20
2 31 94
2 32 20
2 33 81
2 34 31
2 35 68
2 36 2
2 37 42
2 38 30
2 39 48
2 40 75
2 41 40
2 42 89
2 43 21
2 44 84
2 45 71
2 46 18
2 47 68
2 48 98
2 49 75
2 50 16
2 51 20
2 52 54
2 53 50
2 54 44
2 55 55
2 56 84
2 57 63
2 58 68
2 59 56
2 60 81
2 61 96
2 62 17
2 63 58
2 64 83
2 65 55
2 66 2
2 67 90
2 68 81
2 69 10
2 70 81
2 71 52
2 72 67
2 73 11
2 74 74
2 75 88
3 4 66
3 5 86
3 6 29
3 7 68
3 8 27
3 9 62
3 10 12
3 11 32
3 12 61
3 13 41
3 14 49
3 15 45
3 16 81
3 17 38
3 18 76
3 19 11
3 20 42
3 21 31
3 22 74
3 23 63
3 24 58
3 25 51
3 26 35
3 27 6
3 28 79
3 29 33
3 30 86
3 31 61
3 32 75
3 33 37
3 34 54
3 35 43
3 36 7
3 37 12
3 38 84
3 39 89
3 40 97
3 41 9
3 42 60
3 43 19
3 44 73
3 45 8
3 46 33
3 47 17
3 48 26
3 49 22
3 50 57
3 51 14
3 52 66
3 53 84
3 54 72
3 55 49
3 56 82
3 57 93
3 58 48
3 59 23
3 60 8
3 61 65
3 62 41
3 63 1
3 64 30
3 65 69
3 66 67
3 67 98
3 68 91
3 69 16
3 70 80
3 71 58
3 72 52
3 73 75
3 74 53
3 75 44
4 5 0
4 6 25
4 7 52
4 8 94
4 9 38
4 10 91
4 11 89
4 12 96
4 13 36
4 14 99
4 15 40
4 16 97
4 17 18
4 18 9
4 19 47
4 20 46
4 21 71
4 22 37
4 23 53
4 24 14
4 25 61
4 26 24
4 27 89
4 28 69
4 29 100
4 30 55
4 31 5
4 32 4
4 33 41
4 34 96
4 35 53
4 36 81
4 37 30
4 38 15
4 39 83
4 40 71
4 41 29
4 42 53
4 43 15
4 44 84
4 45 7
4 46 92
4 47 75
4 48 88
4 49 10
4 50 84
4 51 98
4 52 70
4 53 18
4 54 36
4 55 72
4 56 7
4 57 87
4 58 96
4 59 19
4 60 10
4 61 98
4 62 83
4 63 37
4 64 35
4 65 85
4 66 45
4 67 3
4 68 96
4 69 91
4 70 95
4 71 91
4 72 54
4 73 29
4 74 72
4 75 10
5 6 90
5 7 66
5 8 33
5 9 100
5 10 49
5 11 92
5 12 100
5 13 75
5 14 98
5 15 67
5 16 84
5 17 39
5 18 61
5 19 5
5 20 96
5 21 24
5 22 41
5 23 91
5 24 100
5 25 64
5 26 14
5 27 70
5 28 60
5 29 53
5 30 33
5 31 13
5 32 34
5 33 78
5 34 24
5 35 36
5 36 86
5 37 4
5 38 93
5 39 31
5 40 64
5 41 100
5 42 1
5 43 24
5 44 62
5 45 90
5 46 38
5 47 5
5 48 71
5 49 17
5 50 19
5 51 92
5 52 21
5 53 55
5 54 42
5 55 6
5 56 51
5 57 36
5 58 26
5 59 6
5 60 93
5 61 99
5 62 61
5 63 68
5 64 18
5 65 0
5 66 62
5 67 66
5 68 29
5 69 100
5 70 48
5 71 41
5 72 64
5 73 8
5 74 70
5 75 12
6 7 93
6 8 18
6 9 84
6 10 13
6 11 40
6 12 97
6 13 71
6 14 21
6 15 38
6 16 79
6 17 73
6 18 87
6 19 4
6 20 34
6 21 82
6 22 67
6 23 97
6 24 91
6 25 31
6 26 18
6 27 79
6 28 59
6 29 11
6 30 49
6 31 36
6 32 52
6 33 41
6 34 12
6 35 35
6 36 49
6 37 41
6 38 32
6 39 37
6 40 59
6 41 55
6 42 32
6 43 10
6 44 67
6 45 45
6 46 16
6 47 72
6 48 43
6 49 40
6 50 64
6 51 85
6 52 34
6 53 74
6 54 10
6 55 59
6 56 3
6 57 37
6 58 19
6 59 22
6 60 49
6 61 36
6 62 43
6 63 54
6 64 79
6 65 50
6 66 67
6 67 50
6 68 66
6 69 44
6 70 41
6 71 60
6 72 47
6 73 72
6 74 56
6 75 68
7 8 17
7 9 46
7 10 98
7 11 64
7 12 83
7 13 20
7 14 97
7 15 57
7 16 6
7 17 9
7 18 7
7 19 73
7 20 84
7 21 30
7 22 94
7 23 39
7 24 69
7 25 90
7 26 33
7 27 88
7 28 91
7 29 70
7 30 1
7 31 22
7 32 33
7 33 4
7 34 56
7 35 48
7 36 2
7 37 3
7 38 43
7 39 89
7 40 67
7 41 68
7 42 17
7 43 96
7 44 18
7 45 63
7 46 96
7 47 82
7 48 85
7 49 33
7 50 32
7 51 6
7 52 78
7 53 45
7 54 86
7 55 86
7 56 16
7 57 49
7 58 57
7 59 36
7 60 10
7 61 1
7 62 6
7 63 11
7 64 48
7 65 14
7 66 60
7 67 29
7 68 46
7 69 3
7 70 74
7 71 11
7 72 35
7 73 26
7 74 49
7 75 33
8 9 19
8 10 18
8 11 8
8 12 63
8 13 6
8 14 93
8 15 60
8 16 33
8 17 48
8 18 47
8 19 22
8 20 10
8 21 71
8 22 48
8 23 76
8 24 23
8 25 41
8 26 14
8 27 55
8 28 13
8 29 55
8 30 29
8 31 14
8 32 81
8 33 6
8 34 12
8 35 8
8 36 66
8 37 83
8 38 37
8 39 96
8 40 9
8 41 59
8 42 89
8 43 44
8 44 26
8 45 34
8 46 38
8 47 89
8 48 95
8 49 87
8 50 74
8 51 92
8 52 66
8 53 75
8 54 96
8 55 9
8 56 96
8 57 50
8 58 79
8 59 38
8 60 59
8 61 19
8 62 11
8 63 80
8 64 67
8 65 1
8 66 21
8 67 42
8 68 60
8 69 83
8 70 97
8 71 5
8 72 64
8 73 88
8 74 56
8 75 23
9 10 98
9 11 79
9 12 63
9 13 3
9 14 73
9 15 22
9 16 61
9 17 84
9 18 23
9 19 28
9 20 76
9 21 37
9 22 52
9 23 65
9 24 48
9 25 24
9 26 50
9 27 7
9 28 22
9 29 0
9 30 84
9 31 46
9 32 46
9 33 83
9 34 90
9 35 20
9 36 99
9 37 13
9 38 45
9 39 29
9 40 62
9 41 49
9 42 73
9 43 85
9 44 97
9 45 51
9 46 63
9 47 10
9 48 93
9 49 42
9 50 95
9 51 74
9 52 3
9 53 4
9 54 76
9 55 10
9 56 71
9 57 12
9 58 26
9 59 94
9 60 6
9 61 81
9 62 22
9 63 78
9 64 36
9 65 77
9 66 95
9 67 3
9 68 70
9 69 57
9 70 14
9 71 25
9 72 63
9 73 50
9 74 40
9 75 52
10 11 34
10 12 30
10 13 19
10 14 9
10 15 9
10 16 77
10 17 22
10 18 57
10 19 23
10 20 88
10 21 75
10 22 71
10 23 32
10 24 36
10 25 68
10 26 2
10 27 96
10 28 63
10 29 71
10 30 74
10 31 85
10 32 60
10 33 8
10 34 70
10 35 37
10 36 72
10 37 95
10 38 67
10 39 51
10 40 48
10 41 84
10 42 99
10 43 12
10 44 97
10 45 65
10 46 91
10 47 54
10 48 17
10 49 84
10 50 46
10 51 78
10 52 77
10 53 47
10 54 93
10 55 19
10 56 0
10 57 47
10 58 43
10 59 12
10 60 63
10 61 89
10 62 92
10 63 32
10 64 3
10 65 88
10 66 68
10 67 50
10 68 6
10 69 67
10 70 28
10 71 24
10 72 40
10 73 51
10 74 56
10 75 94
11 12 67
11 13 81
11 14 42
11 15 78
11 16 45
11 17 41
11 18 26
11 19 70
11 20 34
11 21 47
11 22 29
11 23 42
11 24 44
11 25 100
11 26 39
11 27 80
11 28 3
11 29 61
11 30 16
11 31 78
11 32 4
11 33 77
11 34 98
11 35 58
11 36 41
11 37 57
11 38 71
11 39 2
11 40 20
11 41 85
11 42 63
11 43 48
11 44 79
11 45 4
11 46 77
11 47 92
11 48 38
11 49 34
11 50 18
11 51 28
11 52 4
11 53 9
11 54 87
11 55 71
11 56 4
11 57 49
11 58 32
11 59 66
11 60 43
11 61 35
11 62 67
11 63 28
11 64 8
11 65 59
11 66 5
11 67 72
11 68 78
11 69 31
11 70 97
11 71 24
11 72 47
11 73 100
11 74 64
11 75 2
12 13 23
12 14 97
12 15 2
12 16 51
12 17 96
12 18 31
12 19 18
12 20 18
12 21 44
12 22 39
12 23 63
12 24 80
12 25 48
12 26 44
12 27 94
12 28 38
12 29 12
12 30 23
12 31 61
12 32 57
12 33 46
12 34 24
12 35 82
12 36 34
12 37 98
12 38 23
12 39 82
12 40 15
12 41 65
12 42 43
12 43 56
12 44 0
12 45 21
12 46 59
12 47 64
12 48 75
12 49 46
12 50 24
12 51 6
12 52 61
12 53 55
12 54 0
12 55 24
12 56 100
12 57 2
12 58 98
12 59 0
12 60 29
12 61 77
12 62 57
12 63 56
12 64 85
12 65 73
12 66 25
12 67 7
12 68 87
12 69 100
12 70 2
12 71 23
12 72 75
12 73 42
12 74 68
12 75 24
13 14 47
13 15 68
13 16 87
13 17 60
13 18 0
13 19 90
13 20 44
13 21 40
13 22 21
13 23 16
13 24 70
13 25 59
13 26 53
13 27 60
13 28 73
13 29 67
13 30 89
13 31 83
13 32 52
13 33 99
13 34 3
13 35 52
13 36 17
13 37 27
13 38 21
13 39 76
13 40 54
13 41 72
13 42 47
13 43 57
13 44 9
13 45 57
13 46 73
13 47 51
13 48 39
13 49 47
13 50 83
13 51 1
13 52 69
13 53 59
13 54 63
13 55 36
13 56 3
13 57 77
13 58 94
13 59 21
13 60 50
13 61 83
13 62 94
13 63 15
13 64 79
13 65 68
13 66 37
13 67 77
13 68 60
13 69 90
13 70 65
13 71 41
13 72 58
13 73 0
13 74 89
13 75 73
14 15 29
14 16 54
14 17 44
14 18 38
14 19 81
14 20 10
14 21 98
14 22 99
14 23 68
14 24 36
14 25 65
14 26 11
14 27 81
14 28 33
14 29 73
14 30 3
14 31 47
14 32 89
14 33 12
14 34 60
14 35 0
14 36 45
14 37 59
14 38 73
14 39 6
14 40 53
14 41 9
14 42 78
14 43 43
14 44 20
14 45 47
14 46 49
14 47 24
14 48 14
14 49 30
14 50 10
14 51 75
14 52 54
14 53 91
14 54 5
14 55 49
14 56 51
14 57 27
14 58 6
14 59 30
14 60 26
14 61 55
14 62 75
14 63 31
14 64 42
14 65 56
14 66 47
14 67 92
14 68 30
14 69 15
14 70 2
14 71 95
14 72 91
14 73 26
14 74 52
14 75 1
15 16 16
15 17 44
15 18 29
15 19 94
15 20 100
15 21 94
15 22 21
15 23 51
15 24 65
15 25 70
15 26 12
15 27 91
15 28 3
15 29 4
15 30 47
15 31 20
15 32 94
15 33 11
15 34 15
15 35 9
15 36 85
15 37 44
15 38 61
15 39 53
15 40 14
15 41 1
15 42 0
15 43 61
15 44 11
15 45 4
15 46 84
15 47 55
15 48 97
15 49 92
15 50 46
15 51 20
15 52 35
15 53 2
15 54 97
15 55 35
15 56 61
15 57 49
15 58 57
15 59 34
15 60 45
15 61 23
15 62 64
15 63 45
15 64 82
15 65 40
15 66 86
15 67 11
15 68 88
15 69 26
15 70 95
15 71 40
15 72 41
15 73 63
15 74 90
15 75 27
16 17 14
16 18 66
16 19 40
16 20 34
16 21 59
16 22 12
16 23 46
16 24 99
16 25 87
16 26 16
16 27 54
16 28 48
16 29 75
16 30 8
16 31 89
16 32 5
16 33 35
16 34 49
16 35 72
16 36 16
16 37 32
16 38 95
16 39 19
16 40 65
16 41 73
16 42 94
16 43 74
16 44 35
16 45 33
16 46 16
16 47 34
16 48 88
16 49 100
16 50 36
16 51 60
16 52 76
16 53 53
16 54 58
16 55 15
16 56 100
16 57 38
16 58 12
16 59 49
16 60 39
16 61 86
16 62 52
16 63 39
16 64 13
16 65 82
16 66 41
16 67 4
16 68 76
16 69 30
16 70 76
16 71 17
16 72 29
16 73 80
16 74 74
16 75 46
17 18 82
17 19 52
17 20 93
17 21 32
17 22 54
17 23 44
17 24 17
17 25 100
17 26 66
17 27 72
17 28 6
17 29 32
17 30 13
17 31 81
17 32 82
17 33 43
17 34 43
17 35 6
17 36 87
17 37 56
17 38 91
17 39 13
17 40 15
17 41 57
17 42 40
17 43 36
17 44 4
17 45 24
17 46 36
17 47 78
17 48 19
17 49 55
17 50 2
17 51 79
17 52 77
17 53 3
17 54 57
17 55 57
17 56 29
17 57 27
17 58 88
17 59 46
17 60 94
17 61 81
17 62 38
17 63 13
17 64 12
17 65 18
17 66 97
17 67 54
17 68 43
17 69 25
17 70 81
17 71 16
17 72 26
17 73 65
17 74 39
17 75 72
18 19 50
18 20 43
18 21 69
18 22 33
18 23 26
18 24 30
18 25 90
18 26 54
18 27 29
18 28 4
18 29 100
18 30 49
18 31 47
18 32 46
18 33 61
18 34 41
18 35 95
18 36 72
18 37 18
18 38 77
18 39 66
18 40 74
18 41 56
18 42 52
18 43 25
18 44 5
18 45 40
18 46 20
18 47 27
18 48 23
18 49 31
18 50 10
18 51 93
18 52 17
18 53 28
18 54 86
18 55 90
18 56 83
18 57 92
18 58 84
18 59 46
18 60 92
18 61 74
18 62 73
18 63 52
18 64 85
18 65 59
18 66 86
18 67 64
18 68 46
18 69 89
18 70 32
18 71 31
18 72 26
18 73 44
18 74 61
18 75 51
19 20 88
19 21 39
19 22 42
19 23 64
19 24 98
19 25 74
19 26 46
19 27 61
19 28 48
19 29 22
19 30 80
19 31 97
19 32 13
19 33 13
19 34 8
19 35 28
19 36 100
19 37 52
19 38 35
19 39 2
19 40 96
19 41 25
19 42 60
19 43 39
19 44 1
19 45 53
19 46 21
19 47 33
19 48 65
19 49 4
19 50 72
19 51 59
19 52 11
19 53 41
19 54 41
19 55 70
19 56 85
19 57 41
19 58 65
19 59 96
19 60 75
19 61 14
19 62 26
19 63 13
19 64 65
19 65 31
19 66 0
19 67 7
19 68 99
19 69 19
19 70 54
19 71 43
19 72 93
19 73 56
19 74 90
19 75 72
20 21 91
20 22 67
20 23 81
20 24 17
20 25 30
20 26 40
20 27 98
20 28 97
20 29 86
20 30 27
20 31 63
20 32 13
20 33 77
20 34 34
20 35 33
20 36 18
20 37 28
20 38 27
20 39 12
20 40 19
20 41 96
20 42 47
20 43 58
20 44 31
20 45 8
20 46 69
20 47 6
20 48 44
20 49 54
20 50 94
20 51 89
20 52 68
20 53 44
20 54 90
20 55 91
20 56 86
20 57 5
20 58 96
20 59 2
20 60 99
20 61 83
20 62 33
20 63 33
20 64 35
20 65 93
20 66 70
20 67 27
20 68 90
20 69 5
20 70 53
20 71 9
20 72 98
20 73 17
20 74 85
20 75 77
21 22 64
21 23 43
21 24 0
21 25 11
21 26 42
21 27 84
21 28 60
21 29 88
21 30 66
21 31 51
21 32 26
21 33 7
21 34 68
21 35 7
21 36 94
21 37 80
21 38 87
21 39 39
21 40 43
21 41 21
21 42 18
21 43 12
21 44 70
21 45 49
21 46 35
21 47 21
21 48 97
21 49 98
21 50 62
21 51 43
21 52 97
21 53 32
21 54 59
21 55 72
21 56 95
21 57 49
21 58 32
21 59 28
21 60 22
21 61 57
21 62 75
21 63 48
21 64 24
21 65 57
21 66 61
21 67 83
21 68 49
21 69 98
21 70 10
21 71 15
21 72 16
21 73 54
21 74 12
21 75 53
22 23 2
22 24 88
22 25 79
22 26 49
22 27 16
22 28 85
22 29 66
22 30 0
22 31 84
22 32 46
22 33 95
22 34 37
22 35 84
22 36 49
22 37 80
22 38 90
22 39 23
22 40 44
22 41 86
22 42 88
22 43 24
22 44 92
22 45 38
22 46 48
22 47 95
22 48 47
22 49 21
22 50 34
22 51 67
22 52 47
22 53 38
22 54 92
22 55 61
22 56 98
22 57 96
22 58 23
22 59 64
22 60 14
22 61 36
22 62 38
22 63 24
22 64 65
22 65 19
22 66 62
22 67 98
22 68 81
22 69 39
22 70 6
22 71 53
22 72 96
22 73 73
22 74 7
22 75 3
23 24 25
23 25 93
23 26 40
23 27 79
23 28 62
23 29 6
23 30 6
23 31 86
23 32 75
23 33 0
23 34 16
23 35 73
23 36 92
23 37 41
23 38 63
23 39 43
23 40 3
23 41 47
23 42 60
23 43 86
23 44 71
23 45 50
23 46 95
23 47 89
23 48 38
23 49 44
23 50 13
23 51 26
23 52 90
23 53 20
23 54 22
23 55 47
23 56 19
23 57 99
23 58 41
23 59 24
23 60 100
23 61 92
23 62 26
23 63 50
23 64 24
23 65 71
23 66 95
23 67 31
23 68 72
23 69 83
23 70 44
23 71 79
23 72 35
23 73 11
23 74 28
23 75 81
24 25 22
24 26 75
24 27 11
24 28 1
24 29 36
24 30 14
24 31 6
24 32 48
24 33 58
24 34 46
24 35 72
24 36 96
24 37 85
24 38 22
24 39 24
24 40 66
24 41 67
24 42 23
24 43 23
24 44 40
24 45 77
24 46 69
24 47 87
24 48 36
24 49 19
24 50 4
24 51 80
24 52 87
24 53 77
24 54 95
24 55 50
24 56 95
24 57 92
24 58 77
24 59 100
24 60 21
24 61 19
24 62 77
24 63 61
24 64 59
24 65 54
24 66 72
24 67 64
24 68 73
24 69 81
24 70 39
24 71 87
24 72 48
24 73 59
24 74 64
24 75 95
25 26 78
25 27 95
25 28 82
25 29 48
25 30 56
25 31 74
25 32 48
25 33 95
25 34 61
25 35 4
25 36 20
25 37 54
25 38 20
25 39 79
25 40 3
25 41 9
25 42 49
25 43 24
25 44 86
25 45 26
25 46 96
25 47 53
25 48 84
25 49 13
25 50 16
25 51 28
25 52 28
25 53 39
25 54 0
25 55 79
25 56 50
25 57 34
25 58 40
25 59 4
25 60 58
25 61 45
25 62 57
25 63 68
25 64 95
25 65 43
25 66 44
25 67 38
25 68 74
25 69 82
25 70 68
25 71 64
25 72 22
25 73 93
25 74 65
25 75 1
26 27 17
26 28 79
26 29 50
26 30 45
26 31 33
26 32 40
26 33 88
26 34 16
26 35 24
26 36 99
26 37 93
26 38 20
26 39 5
26 40 69
26 41 57
26 42 1
26 43 0
26 44 27
26 45 47
26 46 42
26 47 44
26 48 48
26 49 98
26 50 95
26 51 26
26 52 14
26 53 52
26 54 74
26 55 96
26 56 91
26 57 78
26 58 97
26 59 22
26 60 8
26 61 28
26 62 86
26 63 70
26 64 98
26 65 51
26 66 43
26 67 70
26 68 46
26 69 49
26 70 70
26 71 82
26 72 65
26 73 38
26 74 63
26 75 36
27 28 32
27 29 81
27 30 49
27 31 100
27 32 79
27 33 11
27 34 0
27 35 96
27 36 49
27 37 37
27 38 44
27 39 35
27 40 50
27 41 65
27 42 78
27 43 9
27 44 14
27 45 12
27 46 81
27 47 95
27 48 11
27 49 56
27 50 26
27 51 67
27 52 70
27 53 15
27 54 99
27 55 71
27 56 57
27 57 52
27 58 31
27 59 79
27 60 61
27 61 75
27 62 75
27 63 70
27 64 60
27 65 18
27 66 50
27 67 30
27 68 87
27 69 55
27 70 19
27 71 32
27 72 32
27 73 34
27 74 17
27 75 57
28 29 50
28 30 16
28 31 100
28 32 13
28 33 11
28 34 55
28 35 20
28 36 93
28 37 74
28 38 6
28 39 29
28 40 81
28 41 27
28 42 75
28 43 59
28 44 49
28 45 96
28 46 43
28 47 72
28 48 53
28 49 94
28 50 43
28 51 19
28 52 65
28 53 65
28 54 6
28 55 6
28 56 64
28 57 45
28 58 44
28 59 86
28 60 81
28 61 96
28 62 84
28 63 32
28 64 50
28 65 41
28 66 56
28 67 78
28 68 54
28 69 4
28 70 66
28 71 37
28 72 87
28 73 35
28 74 63
28 75 72
29 30 14
29 31 2
29 32 94
29 33 35
29 34 65
29 35 23
29 36 94
29 37 67
29 38 75
29 39 13
29 40 6
29 41 11
29 42 39
29 43 83
29 44 22
29 45 28
29 46 50
29 47 1
29 48 61
29 49 53
29 50 69
29 51 97
29 52 88
29 53 26
29 54 87
29 55 38
29 56 86
29 57 84
29 58 62
29 59 23
29 60 99
29 61 44
29 62 63
29 63 22
29 64 29
29 65 5
29 66 85
29 67 59
29 68 62
29 69 57
29 70 9
29 71 92
29 72 7
29 73 57
29 74 34
29 75 64
30 31 13
30 32 42
30 33 94
30 34 42
30 35 32
30 36 67
30 37 50
30 38 85
30 39 79
30 40 18
30 41 30
30 42 74
30 43 100
30 44 41
30 45 21
30 46 22
30 47 50
30 48 67
30 49 33
30 50 30
30 51 23
30 52 73
30 53 85
30 54 36
30 55 89
30 56 16
30 57 81
30 58 94
30 59 18
30 60 83
30 61 42
30 62 60
30 63 54
30 64 15
30 65 86
30 66 87
30 67 20
30 68 84
30 69 21
30 70 44
30 71 97
30 72 70
30 73 79
30 74 44
30 75 37
31 32 80
31 33 8
31 34 93
31 35 75
31 36 85
31 37 16
31 38 68
31 39 21
31 40 71
31 41 82
31 42 28
31 43 87
31 44 42
31 45 27
31 46 31
31 47 24
31 48 31
31 49 30
31 50 9
31 51 68
31 52 29
31 53 4
31 54 0
31 55 59
31 56 88
31 57 61
31 58 10
31 59 74
31 60 89
31 61 33
31 62 19
31 63 48
31 64 9
31 65 24
31 66 65
31 67 31
31 68 20
31 69 6
31 70 3
31 71 79
31 72 13
31 73 38
31 74 50
31 75 35
32 33 56
32 34 9
32 35 41
32 36 37
32 37 47
32 38 87
32 39 6
32 40 96
32 41 90
32 42 0
32 43 16
32 44 72
32 45 56
32 46 8
32 47 7
32 48 2
32 49 79
32 50 57
32 51 64
32 52 87
32 53 55
32 54 4
32 55 36
32 56 78
32 57 6
32 58 51
32 59 27
32 60 28
32 61 35
32 62 99
32 63 30
32 64 14
32 65 36
32 66 99
32 67 47
32 68 17
32 69 66
32 70 1
32 71 80
32 72 89
32 73 67
32 74 97
32 75 96
33 34 59
33 35 16
33 36 8
33 37 9
33 38 22
33 39 35
33 40 36
33 41 7
33 42 25
33 43 60
33 44 69
33 45 97
33 46 78
33 47 24
33 48 17
33 49 42
33 50 96
33 51 51
33 52 89
33 53 55
33 54 85
33 55 47
33 56 94
33 57 55
33 58 33
33 59 89
33 60 51
33 61 72
33 62 58
33 63 83
33 64 98
33 65 3
33 66 90
33 67 65
33 68 34
33 69 40
33 70 67
33 71 61
33 72 90
33 73 63
33 74 70
33 75 5
34 35 0
34 36 77
34 37 12
34 38 95
34 39 50
34 40 58
34 41 48
34 42 54
34 43 16
34 44 22
34 45 16
34 46 16
34 47 34
34 48 59
34 49 72
34 50 48
34 51 56
34 52 27
34 53 55
34 54 46
34 55 81
34 56 83
34 57 57
34 58 80
34 59 18
34 60 78
34 61 43
34 62 98
34 63 28
34 64 68
34 65 11
34 66 64
34 67 18
34 68 3
34 69 92
34 70 18
34 71 97
34 72 46
34 73 87
34 74 65
34 75 46
35 36 23
35 37 11
35 38 34
35 39 44
35 40 45
35 41 59
35 42 92
35 43 62
35 44 0
35 45 88
35 46 56
35 47 76
35 48 93
35 49 85
35 50 56
35 51 26
35 52 25
35 53 56
35 54 16
35 55 64
35 56 51
35 57 63
35 58 73
35 59 71
35 60 7
35 61 15
35 62 59
35 63 33
35 64 77
35 65 58
35 66 91
35 67 26
35 68 65
35 69 98
35 70 100
35 71 91
35 72 12
35 73 55
35 74 56
35 75 37
36 37 89
36 38 71
36 39 18
36 40 8
36 41 37
36 42 83
36 43 88
36 44 64
36 45 9
36 46 42
36 47 91
36 48 68
36 49 64
36 50 80
36 51 99
36 52 93
36 53 0
36 54 29
36 55 88
36 56 16
36 57 40
36 58 87
36 59 1
36 60 18
36 61 32
36 62 37
36 63 24
36 64 91
36 65 23
36 66 51
36 67 3
36 68 51
36 69 100
36 70 62
36 71 78
36 72 39
36 73 19
36 74 61
36 75 32
37 38 39
37 39 14
37 40 2
37 41 54
37 42 9
37 43 54
37 44 10
37 45 71
37 46 57
37 47 44
37 48 5
37 49 90
37 50 35
37 51 59
37 52 22
37 53 93
37 54 41
37 55 1
37 56 3
37 57 35
37 58 22
37 59 10
37 60 40
37 61 41
37 62 85
37 63 19
37 64 67
37 65 29
37 66 94
37 67 89
37 68 38
37 69 75
37 70 71
37 71 85
37 72 47
37 73 13
37 74 18
37 75 21
38 39 33
38 40 20
38 41 0
38 42 70
38 43 14
38 44 9
38 45 15
38 46 75
38 47 80
38 48 61
38 49 57
38 50 72
38 51 30
38 52 52
38 53 80
38 54 97
38 55 41
38 56 43
38 57 36
38 58 42
38 59 61
38 60 32
38 61 2
38 62 67
38 63 13
38 64 14
38 65 35
38 66 58
38 67 38
38 68 40
38 69 63
38 70 3
38 71 8
38 72 89
38 73 44
38 74 94
38 75 7
39 40 58
39 41 38
39 42 1
39 43 3
39 44 5
39 45 44
39 46 85
39 47 93
39 48 91
39 49 7
39 50 19
39 51 70
39 52 95
39 53 11
39 54 70
39 55 28
39 56 83
39 57 68
39 58 93
39 59 95
39 60 42
39 61 71
39 62 3
39 63 15
39 64 19
39 65 77
39 66 26
39 67 5
39 68 80
39 69 60
39 70 73
39 71 87
39 72 92
39 73 43
39 74 19
39 75 96
40 41 43
40 42 14
40 43 61
40 44 4
40 45 91
40 46 49
40 47 27
40 48 4
40 49 87
40 50 3
40 51 42
40 52 56
40 53 6
40 54 36
40 55 43
40 56 55
40 57 20
40 58 95
40 59 98
40 60 93
40 61 69
40 62 60
40 63 69
40 64 35
40 65 96
40 66 41
40 67 26
40 68 13
40 69 51
40 70 44
40 71 58
40 72 7
40 73 92
40 74 76
40 75 65
41 42 86
41 43 21
41 44 64
41 45 72
41 46 20
41 47 91
41 48 53
41 49 25
41 50 31
41 51 7
41 52 70
41 53 46
41 54 47
41 55 47
41 56 51
41 57 12
41 58 5
41 59 74
41 60 67
41 61 95
41 62 64
41 63 98
41 64 45
41 65 79
41 66 51
41 67 8
41 68 72
41 69 39
41 70 17
41 71 73
41 72 48
41 73 36
41 74 56
41 75 61
42 43 92
42 44 62
42 45 12
42 46 64
42 47 94
42 48 2
42 49 94
42 50 30
42 51 12
42 52 4
42 53 47
42 54 74
42 55 90
42 56 26
42 57 85
42 58 36
42 59 8
42 60 40
42 61 40
42 62 66
42 63 32
42 64 19
42 65 44
42 66 98
42 67 53
42 68 21
42 69 83
42 70 91
42 71 11
42 72 5
42 73 61
42 74 73
42 75 92
43 44 58
43 45 40
43 46 70
43 47 79
43 48 43
43 49 84
43 50 90
43 51 49
43 52 52
43 53 2
43 54 15
43 55 50
43 56 83
43 57 8
43 58 55
43 59 85
43 60 10
43 61 12
43 62 90
43 63 14
43 64 96
43 65 83
43 66 81
43 67 49
43 68 68
43 69 97
43 70 26
43 71 0
43 72 30
43 73 55
43 74 48
43 75 39
44 45 11
44 46 77
44 47 28
44 48 45
44 49 8
44 50 10
44 51 25
44 52 62
44 53 49
44 54 34
44 55 56
44 56 87
44 57 96
44 58 18
44 59 13
44 60 37
44 61 77
44 62 10
44 63 79
44 64 75
44 65 63
44 66 83
44 67 30
44 68 36
44 69 82
44 70 60
44 71 53
44 72 94
44 73 26
44 74 11
44 75 0
45 46 78
45 47 7
45 48 38
45 49 40
45 50 95
45 51 58
45 52 5
45 53 21
45 54 56
45 55 55
45 56 2
45 57 18
45 58 60
45 59 62
45 60 48
45 61 26
45 62 30
45 63 8
45 64 57
45 65 55
45 66 91
45 67 84
45 68 75
45 69 0
45 70 67
45 71 0
45 72 81
45 73 11
45 74 33
45 75 52
46 47 70
46 48 44
46 49 48
46 50 89
46 51 38
46 52 93
46 53 66
46 54 88
46 55 69
46 56 19
46 57 40
46 58 13
46 59 87
46 60 87
46 61 68
46 62 73
46 63 41
46 64 54
46 65 16
46 66 75
46 67 25
46 68 79
46 69 80
46 70 36
46 71 26
46 72 81
46 73 75
46 74 64
46 75 0
47 48 26
47 49 17
47 50 94
47 51 43
47 52 37
47 53 19
47 54 9
47 55 6
47 56 1
47 57 80
47 58 18
47 59 44
47 60 38
47 61 16
47 62 76
47 63 19
47 64 96
47 65 46
47 66 20
47 67 60
47 68 63
47 69 84
47 70 3
47 71 50
47 72 76
47 73 73
47 74 4
47 75 65
48 49 9
48 50 33
48 51 81
48 52 10
48 53 35
48 54 54
48 55 17
48 56 53
48 57 59
48 58 59
48 59 56
48 60 49
48 61 80
48 62 88
48 63 18
48 64 67
48 65 82
48 66 16
48 67 3
48 68 33
48 69 20
48 70 50
48 71 98
48 72 41
48 73 7
48 74 17
48 75 25
49 50 28
49 51 73
49 52 72
49 53 56
49 54 46
49 55 94
49 56 0
49 57 8
49 58 63
49 59 29
49 60 89
49 61 23
49 62 9
49 63 66
49 64 13
49 65 43
49 66 39
49 67 22
49 68 13
49 69 86
49 70 86
49 71 65
49 72 82
49 73 44
49 74 87
49 75 46
50 51 80
50 52 87
50 53 56
50 54 41
50 55 95
50 56 79
50 57 92
50 58 37
50 59 16
50 60 30
50 61 55
50 62 2
50 63 43
50 64 76
50 65 13
50 66 92
50 67 51
50 68 26
50 69 69
50 70 100
50 71 83
50 72 59
50 73 89
50 74 39
50 75 30
51 52 54
51 53 1
51 54 37
51 55 14
51 56 38
51 57 60
51 58 50
51 59 80
51 60 65
51 61 68
51 62 79
51 63 41
51 64 40
51 65 43
51 66 40
51 67 95
51 68 56
51 69 68
51 70 24
51 71 56
51 72 51
51 73 96
51 74 72
51 75 57
52 53 97
52 54 90
52 55 56
52 56 59
52 57 3
52 58 2
52 59 84
52 60 25
52 61 7
52 62 2
52 63 86
52 64 33
52 65 54
52 66 93
52 67 73
52 68 48
52 69 66
52 70 44
52 71 96
52 72 47
52 73 57
52 74 24
52 75 73
53 54 32
53 55 4
53 56 29
53 57 65
53 58 47
53 59 30
53 60 35
53 61 11
53 62 3
53 63 92
53 64 91
53 65 86
53 66 20
53 67 22
53 68 80
53 69 87
53 70 39
53 71 69
53 72 67
53 73 56
53 74 24
53 75 39
54 55 77
54 56 100
54 57 33
54 58 58
54 59 41
54 60 54
54 61 30
54 62 40
54 63 65
54 64 30
54 65 80
54 66 73
54 67 10
54 68 42
54 69 58
54 70 43
54 71 79
54 72 74
54 73 48
54 74 92
54 75 44
55 56 89
55 57 45
55 58 16
55 59 50
55 60 56
55 61 57
55 62 77
55 63 41
55 64 12
55 65 22
55 66 41
55 67 44
55 68 6
55 69 16
55 70 99
55 71 30
55 72 43
55 73 39
55 74 65
55 75 47
56 57 83
56 58 67
56 59 44
56 60 54
56 61 82
56 62 8
56 63 75
56 64 82
56 65 52
56 66 0
56 67 88
56 68 15
56 69 43
56 70 18
56 71 3
56 72 81
56 73 1
56 74 54
56 75 7
57 58 29
57 59 82
57 60 94
57 61 54
57 62 72
57 63 25
57 64 61
57 65 26
57 66 36
57 67 35
57 68 70
57 69 22
57 70 53
57 71 81
57 72 17
57 73 45
57 74 76
57 75 33
58 59 94
58 60 2
58 61 37
58 62 58
58 63 2
58 64 65
58 65 1
58 66 87
58 67 46
58 68 96
58 69 89
58 70 1
58 71 25
58 72 69
58 73 57
58 74 66
58 75 33
59 60 36
59 61 80
59 62 39
59 63 70
59 64 57
59 65 26
59 66 7
59 67 34
59 68 26
59 69 56
59 70 82
59 71 69
59 72 26
59 73 18
59 74 43
59 75 64
60 61 91
60 62 45
60 63 75
60 64 0
60 65 19
60 66 76
60 67 46
60 68 69
60 69 33
60 70 89
60 71 69
60 72 87
60 73 96
60 74 67
60 75 22
61 62 3
61 63 97
61 64 16
61 65 55
61 66 19
61 67 7
61 68 27
61 69 31
61 70 90
61 71 78
61 72 90
61 73 12
61 74 84
61 75 40
62 63 80
62 64 30
62 65 76
62 66 17
62 67 97
62 68 20
62 69 71
62 70 42
62 71 97
62 72 19
62 73 14
62 74 81
62 75 14
63 64 99
63 65 91
63 66 74
63 67 14
63 68 73
63 69 7
63 70 39
63 71 28
63 72 64
63 73 39
63 74 5
63 75 62
64 65 99
64 66 33
64 67 51
64 68 64
64 69 84
64 70 75
64 71 68
64 72 27
64 73 39
64 74 36
64 75 64
65 66 77
65 67 23
65 68 59
65 69 0
65 70 38
65 71 25
65 72 40
65 73 58
65 74 84
65 75 30
66 67 62
66 68 2
66 69 88
66 70 84
66 71 100
66 72 96
66 73 58
66 74 7
66 75 66
67 68 19
67 69 76
67 70 9
67 71 7
67 72 96
67 73 24
67 74 83
67 75 65
68 69 82
68 70 48
68 71 29
68 72 11
68 73 78
68 74 87
68 75 5
69 70 57
69 71 16
69 72 46
69 73 97
69 74 60
69 75 21
70 71 66
70 72 93
70 73 46
70 74 55
70 75 59
71 72 50
71 73 2
71 74 66
71 75 72
72 73 97
72 74 21
72 75 89
73 74 10
73 75 97
74 75 20
