80 3160
1 2 65
1 3 89
1 4 76
1 5 82
1 6 39
1 7 39
1 8 88
1 9 40
1 10 53
1 11 0
1 12 41
1 13 10
1 14 47
1 15 8
1 16 68
1 17 70
1 18 11
1 19 58
1 20 71
1 21 38
1 22 35
1 23 43
1 24 11
1 25 31
1 26 81
1 27 51
1 28 76
1 29 33
1 30 24
1 31 92
1 32 93
1 33 92
1 34 26
1 35 38
1 36 41
1 37 75
1 38 67
1 39 52
1 40 95
1 41 80
1 42 30
1 43 100
1 44 92
1 45 35
1 46 79
1 47 89
1 48 21
1 49 20
1 50 57
1 51 84
1 52 8
1 53 30
1 54 16
1 55 13
1 56 37
1 57 1
1 58 50
1 59 56
1 60 69
1 61 81
1 62 60
1 63 74
1 64 0
1 65 52
1 66 54
1 67 32
1 68 91
1 69 90
1 70 87
1 71 41
1 72 17
1 73 56
1 74 51
1 75 21
1 76 70
1 77 96
1 78 47
1 79 22
1 80 34
2 3 76
2 4 22
2 5 48
2 6 88
2 7 50
2 8 94
2 9 87
2 10 31
2 11 51
2 12 43
2 13 87
2 14 8
2 15 30
2 16 75
2 17 30
2 18 52
2 19 19
2 20 3
2 21 48
2 22 81
2 23 10
2 24 12
2 25 98
2 26 80
2 27 53
2 28 60
2 29 5
2 30 15
2 31 36
2 32 47
2 33 40
2 34 58
2 35 79
2 36 13
2 37 97
2 38 65
2 39 78
2 40 20
2 41 50
2 42 92
2 43 54
2 44 19
2 45 94
2 46 79
2 47 71
2 48 17
2 49 45
2 50 46
2 51 0
2 52 13
2 53 92
2 54 39
2 55 85
2 56 25
2 57 82
2 58 18
2 59 64
2 60 57
2 61 83
2 62 54
2 63 60
2 64 45
2 65 10
2 66 85
2 67 71
2 68 59
2 69 6
2 70 9
2 71 69
2 72 87
2 73 38
2 74 4
2 75 47
2 76 46
2 77 95
2 78 71
2 79 56
2 80 50
3 4 39
3 5 44
3 6 81
3 7 63
3 8 17
3 9 77
3 10 44
3 11 62
3 12 64
3 13 55
3 14 30
3 15 73
3 16 12
3 17 1
3 18 21
3 19 19
3 20 35
3 21 35
3 22 87
3 23 12
3 24 53
3 25 5
3 26 65
3 27 42
3 28 97
3 29 82
3 30 1
3 31 0
3 32 57
3 33 48
3 34 89
3 35 4
3 36 1
3 37 46
3 38 90
3 39 99
3 40 85
3 41 96
3 42 46
3 43 95
3 44 71
3 45 38
3 46 35
3 47 61
3 48 30
3 49 9
3 50 31
3 51 43
3 52 43
3 53 79
3 54 4
3 55 36
3 56 53
3 57 31
3 58 13
3 59 24
3 60 79
3 61 12
3 62 3
3 63 87
3 64 29
3 65 3
3 66 97
3 67 63
3 68 29
3 69 12
3 70 90
3 71 20
3 72 100
3 73 90
3 74 3
3 75 93
3 76 52
3 77 50
3 78 37
3 79 92
3 80 91
4 5 15
4 6 55
4 7 45
4 8 55
4 9 77
4 10 72
4 11 26
4 12 29
4 13 32
4 14 33
4 15 47
4 16 84
4 17 22
4 18 32
4 19 79
4 20 74
4 21 72
4 22 21
4 23 70
4 24 11
4 25 17
4 26 24
4 27 55
4 28 25
4 29 41
4 30 24
4 31 88
4 32 58
4 33 68
4 34 66
4 35 67
4 36 80
4 37 10
4 38 18
4 39 45
4 40 57
4 41 84
4 42 68
4 43 16
4 44 22
4 45 9
4 46 51
4 47 19
4 48 56
4 49 60
4 50 47
4 51 76
4 52 65
4 53 83
4 54 23
4 55 53
4 56 33
4 57 28
4 58 69
4 59 58
4 60 85
4 61 18
4 62 9
4 63 9
4 64 52
4 65 2
4 66 11
4 67 59
4 68 1
4 69 10
4 70 31
4 71 81
4 72 51
4 73 84
4 74 34
4 75 1
4 76 45
4 77 34
4 78 62
4 79 13
4 80 82
5 6 80
5 7 37
5 8 16
5 9 93
5 10 1
5 11 29
5 12 34
5 13 14
5 14 30
5 15 63
5 16 46
5 17 8
5 18 82
5 19 2
5 20 42
5 21 54
5 22 23
5 23 30
5 24 52
5 25 53
5 26 85
5 27 57
5 28 3
5 29 56
5 30 62
5 31 58
5 32 29
5 33 41
5 34 20
5 35 76
5 36 97
5 37 61
5 38 1
5 39 89
5 40 71
5 41 93
5 42 54
5 43 88
5 44 74
5 45 53
5 46 99
5 47 75
5 48 25
5 49 92
5 50 74
5 51 66
5 52 15
5 53 15
5 54 25
5 55 64
5 56 51
5 57 23
5 58 78
5 59 91
5 60 18
5 61 9
5 62 1
5 63 25
5 64 90
5 65 10
5 66 89
5 67 59
5 68 90
5 69 39
5 70 99
5 71 63
5 72 65
5 73 40
5 74 47
5 75 55
5 76 78
5 77 1
5 78 8
5 79 77
5 80 15
6 7 84
6 8 39
6 9 50
6 10 57
6 11 17
6 12 65
6 13 83
6 14 87
6 15 14
6 16 28
6 17 92
6 18 95
6 19 24
6 20 24
6 21 32
6 22 63
6 23 93
6 24 8
6 25 29
6 26 36
6 27 92
6 28 14
6 29 37
6 30 57
6 31 82
6 32 86
6 33 13
6 34 19
6 35 33
6 36 9
6 37 3
6 38 71
6 39 82
6 40 3
6 41 14
6 42 42
6 43 25
6 44 40
6 45 99
6 46 33
6 47 52
6 48 7
6 49 7
6 50 94
6 51 62
6 52 10
6 53 31
6 54 32
6 55 63
6 56 91
6 57 77
6 58 97
6 59 42
6 60 92
6 61 32
6 62 58
6 63 42
6 64 90
6 65 96
6 66 22
6 67 21
6 68 60
6 69 71
6 70 93
6 71 34
6 72 52
6 73 97
6 74 75
6 75 7
6 76 24
6 77 35
6 78 22
6 79 79
6 80 61
7 8 26
7 9 76
7 10 58
7 11 53
7 12 97
7 13 48
7 14 8
7 15 52
7 16 46
7 17 74
7 18 84
7 19 91
7 20 67
7 21 38
7 22 69
7 23 85
7 24 43
7 25 17
7 26 86
7 27 83
7 28 15
7 29 98
7 30 37
7 31 4
7 32 38
7 33 59
7 34 8
7 35 28
7 36 58
7 37 94
7 38 25
7 39 65
7 40 79
7 41 88
7 42 68
7 43 71
7 44 55
7 45 49
7 46 59
7 47 91
7 48 50
7 49 46
7 50 16
7 51 92
7 52 87
7 53 5
7 54 80
7 55 31
7 56 75
7 57 52
7 58 61
7 59 49
7 60 67
7 61 57
7 62 5
7 63 4
7 64 58
7 65 25
7 66 75
7 67 20
7 68 10
7 69 60
7 70 98
7 71 82
7 72 2
7 73 50
7 74 44
7 75 94
7 76 47
7 77 55
7 78 57
7 79 54
7 80 84
8 9 84
8 10 32
8 11 35
8 12 48
8 13 34
8 14 98
8 15 14
8 16 0
8 17 56
8 18 66
8 19 72
8 20 22
8 21 69
8 22 99
8 23 62
8 24 41
8 25 58
8 26 42
8 27 49
8 28 96
8 29 64
8 30 29
8 31 48
8 32 100
8 33 85
8 34 82
8 35 14
8 36 6
8 37 86
8 38 45
8 39 54
8 40 54
8 41 3
8 42 6
8 43 60
8 44 71
8 45 87
8 46 97
8 47 80
8 48 83
8 49 13
8 50 24
8 51 87
8 52 6
8 53 35
8 54 27
8 55 77
8 56 13
8 57 0
8 58 30
8 59 16
8 60 70
8 61 52
8 62 91
8 63 24
8 64 31
8 65 60
8 66 99
8 67 38
8 68 32
8 69 4
8 70 91
8 71 52
8 72 84
8 73 71
8 74 19
8 75 32
8 76 70
8 77 52
8 78 64
8 79 12
8 80 90
9 10 35
9 11 17
9 12 13
9 13 63
9 14 93
9 15 30
9 16 30
9 17 7
9 18 21
9 19 100
9 20 82
9 21 19
9 22 69
9 23 85
9 24 59
9 25 19
9 26 69
9 27 2
9 28 17
9 29 8
9 30 58
9 31 98
9 32 29
9 33 15
9 34 55
9 35 52
9 36 87
9 37 59
9 38 71
9 39 1
9 40 33
9 41 36
9 42 1
9 43 53
9 44 11
9 45 89
9 46 34
9 47 64
9 48 68
9 49 78
9 50 85
9 51 5
9 52 74
9 53 68
9 54 26
9 55 56
9 56 56
9 57 15
9 58 86
9 59 5
9 60 44
9 61 24
9 62 44
9 63 86
9 64 63
9 65 53
9 66 56
9 67 55
9 68 81
9 69 61
9 70 20
9 71 89
9 72 9
9 73 51
9 74 9
9 75 99
9 76 91
9 77 30
9 78 29
9 79 94
9 80 87
10 11 84
10 12 13
10 13 52
10 14 32
10 15 77
10 16 4
10 17 22
10 18 18
10 19 74
10 20 25
10 21 95
10 22 24
10 23 54
10 24 86
10 25 23
10 26 37
10 27 50
10 28 43
10 29 19
10 30 24
10 31 29
10 32 29
10 33 24
10 34 10
10 35 91
10 36 8
10 37 68
10 38 85
10 39 14
10 40 49
10 41 33
10 42 75
10 43 52
10 44 39
10 45 70
10 46 48
10 47 53
10 48 77
10 49 29
10 50 13
10 51 22
10 52 20
10 53 35
10 54 2
10 55 99
10 56 73
10 57 4
10 58 6
10 59 49
10 60 46
10 61 95
10 62 77
10 63 78
10 64 36
10 65 84
10 66 69
10 67 84
10 68 69
10 69 69
10 70 91
10 71 74
10 72 77
10 73 69
10 74 40
10 75 8
10 76 86
10 77 98
10 78 20
10 79 65
10 80 77
11 12 18
11 13 35
11 14 20
11 15 80
11 16 41
11 17 16
11 18 94
11 19 29
11 20 2
11 21 24
11 22 13
11 23 47
11 24 13
11 25 46
11 26 19
11 27 25
11 28 81
11 29 82
11 30 11
11 31 2
11 32 88
11 33 47
11 34 30
11 35 29
11 36 68
11 37 99
11 38 99
11 39 92
11 40 25
11 41 72
11 42 27
11 43 81
11 44 34
11 45 25
11 46 76
11 47 41
11 48 90
11 49 91
11 50 81
11 51 5
11 52 27
11 53 47
11 54 89
11 55 32
11 56 49
11 57 80
11 58 19
11 59 97
11 60 82
11 61 78
11 62 94
11 63 52
11 64 43
11 65 36
11 66 31
11 67 93
11 68 23
11 69 46
11 70 34
11 71 80
11 72 29
11 73 43
11 74 77
11 75 46
11 76 30
11 77 89
11 78 51
11 79 39
11 80 0
12 13 78
12 14 6
12 15 92
12 16 71
12 17 38
12 18 43
12 19 95
12 20 13
12 21 29
12 22 5
12 23 93
12 24 54
12 25 98
12 26 58
12 27 99
12 28 45
12 29 76
12 30 15
12 31 17
12 32 84
12 33 58
12 34 14
12 35 11
12 36 36
12 37 2
12 38 41
12 39 74
12 40 36
12 41 25
12 42 91
12 43 71
12 44 7
12 45 50
12 46 15
12 47 19
12 48 73
12 49 89
12 50 11
12 51 74
12 52 64
12 53 32
12 54 87
12 55 24
12 56 80
12 57 91
12 58 56
12 59 3
12 60 37
12 61 26
12 62 21
12 63 80
12 64 43
12 65 0
12 66 1
12 67 32
12 68 81
12 69 27
12 70 46
12 71 30
12 72 42
12 73 8
12 74 1
12 75 51
12 76 16
12 77 7
12 78 5
12 79 5
12 80 16
13 14 77
13 15 22
13 16 69
13 17 67
13 18 28
13 19 80
13 20 23
13 21 52
13 22 5
13 23 19
13 24 87
13 25 98
13 26 48
13 27 75
13 28 68
13 29 70
13 30 0
13 31 24
13 32 17
13 33 36
13 34 71
13 35 100
13 36 33
13 37 74
13 38 72
13 39 87
13 40 87
13 41 22
13 42 96
13 43 28
13 44 16
13 45 7
13 46 22
13 47 83
13 48 24
13 49 6
13 50 43
13 51 37
13 52 65
13 53 73
13 54 88
13 55 11
13 56 100
13 57 59
13 58 84
13 59 72
13 60 19
13 61 76
13 62 81
13 63 65
13 64 42
13 65 36
13 66 83
13 67 27
13 68 89
13 69 77
13 70 4
13 71 5
13 72 87
13 73 90
13 74 38
13 75 84
13 76 29
13 77 51
13 78 8
13 79 41
13 80 40
14 15 35
14 16 35
14 17 34
14 18 71
14 19 92
14 20 57
14 21 23
14 22 8
14 23 85
14 24 74
14 25 51
14 26 47
14 27 86
14 28 19
14 29 64
14 30 79
14 31 14
14 32 42
14 33 76
14 34 95
14 35 87
14 36 94
14 37 48
14 38 47
14 39 86
14 40 41
14 41 16
14 42 6
14 43 4
14 44 16
14 45 1
14 46 9
14 47 78
14 48 94
14 49 95
14 50 18
14 51 48
14 52 91
14 53 11
14 54 51
14 55 7
14 56 49
14 57 25
14 58 98
14 59 29
14 60 85
14 61 78
14 62 12
14 63 16
14 64 32
14 65 1
14 66 17
14 67 38
14 68 52
14 69 78
14 70 66
14 71 81
14 72 66
14 73 92
14 74 23
14 75 49
14 76 51
14 77 48
14 78 15
14 79 4
14 80 42
15 16 92
15 17 91
15 18 98
15 19 86
15 20 12
15 21 3
15 22 25
15 23 47
15 24 28
15 25 72
15 26 6
15 27 61
15 28 40
15 29 96
15 30 86
15 31 60
15 32 69
15 33 85
15 34 88
15 35 84
15 36 41
15 37 24
15 38 45
15 39 45
15 40 74
15 41 99
15 42 70
15 43 62
15 44 95
15 45 96
15 46 7
15 47 27
15 48 65
15 49 79
15 50 65
15 51 2
15 52 69
15 53 80
15 54 22
15 55 23
15 56 83
15 57 42
15 58 79
15 59 42
15 60 36
15 61 78
15 62 54
15 63 38
15 64 52
15 65 53
15 66 71
15 67 94
15 68 85
15 69 52
15 70 45
15 71 74
15 72 35
15 73 82
15 74 5
15 75 46
15 76 69
15 77 40
15 78 1
15 79 89
15 80 20
16 17 44
16 18 67
16 19 5
16 20 11
16 21 43
16 22 56
16 23 34
16 24 65
16 25 33
16 26 44
16 27 47
16 28 89
16 29 85
16 30 97
16 31 63
16 32 24
16 33 47
16 34 24
16 35 72
16 36 35
16 37 55
16 38 17
16 39 90
16 40 70
16 41 10
16 42 70
16 43 59
16 44 26
16 45 56
16 46 46
16 47 49
16 48 26
16 49 79
16 50 18
16 51 31
16 52 71
16 53 22
16 54 92
16 55 22
16 56 80
16 57 37
16 58 22
16 59 15
16 60 52
16 61 47
16 62 26
16 63 61
16 64 42
16 65 38
16 66 11
16 67 73
16 68 32
16 69 45
16 70 66
16 71 78
16 72 87
16 73 53
16 74 62
16 75 92
16 76 69
16 77 46
16 78 30
16 79 66
16 80 29
17 18 65
17 19 76
17 20 39
17 21 3
17 22 37
17 23 86
17 24 83
17 25 73
17 26 84
17 27 1
17 28 78
17 29 93
17 30 61
17 31 99
17 32 96
17 33 28
17 34 26
17 35 91
17 36 46
17 37 2
17 38 75
17 39 16
17 40 16
17 41 45
17 42 69
17 43 41
17 44 93
17 45 86
17 46 61
17 47 56
17 48 29
17 49 36
17 50 5
17 51 73
17 52 29
17 53 85
17 54 75
17 55 30
17 56 16
17 57 49
17 58 11
17 59 4
17 60 39
17 61 98
17 62 83
17 63 68
17 64 67
17 65 43
17 66 70
17 67 96
17 68 76
17 69 57
17 70 59
17 71 98
17 72 34
17 73 49
17 74 2
17 75 7
17 76 2
17 77 97
17 78 15
17 79 76
17 80 87
18 19 2
18 20 18
18 21 43
18 22 8
18 23 94
18 24 52
18 25 27
18 26 49
18 27 24
18 28 14
18 29 5
18 30 41
18 31 71
18 32 20
18 33 38
18 34 72
18 35 12
18 36 25
18 37 62
18 38 61
18 39 22
18 40 74
18 41 58
18 42 69
18 43 0
18 44 56
18 45 37
18 46 88
18 47 27
18 48 85
18 49 83
18 50 96
18 51 15
18 52 87
18 53 24
18 54 5
18 55 36
18 56 53
18 57 48
18 58 71
18 59 93
18 60 98
18 61 21
18 62 86
18 63 93
18 64 22
18 65 21
18 66 1
18 67 90
18 68 1
18 69 30
18 70 44
18 71 46
18 72 74
18 73 23
18 74 69
18 75 47
18 76 46
18 77 55
18 78 1
18 79 12
18 80 53
19 20 49
19 21 32
19 22 32
19 23 54
19 24 44
19 25 85
19 26 38
19 27 74
19 28 25
19 29 24
19 30 100
19 31 31
19 32 79
19 33 85
19 34 56
19 35 70
19 36 76
19 37 43
19 38 22
19 39 62
19 40 7
19 41 33
19 42 84
19 43 21
19 44 44
19 45 55
19 46 49
19 47 43
19 48 98
19 49 3
19 50 85
19 51 96
19 52 76
19 53 40
19 54 66
19 55 83
19 56 12
19 57 16
19 58 58
19 59 1
19 60 95
19 61 36
19 62 1
19 63 67
19 64 45
19 65 72
19 66 22
19 67 80
19 68 7
19 69 91
19 70 59
19 71 16
19 72 0
19 73 68
19 74 81
19 75 34
19 76 35
19 77 27
19 78 10
19 79 84
19 80 41
20 21 13
20 22 70
20 23 27
20 24 54
20 25 5
20 26 44
20 27 55
20 28 26
20 29 2
20 30 72
20 31 87
20 32 96
20 33 83
20 34 0
20 35 48
20 36 52
20 37 8
20 38 2
20 39 82
20 40 61
20 41 57
20 42 49
20 43 38
20 44 18
20 45 64
20 46 76
20 47 42
20 48 25
20 49 15
20 50 83
20 51 36
20 52 47
20 53 8
20 54 10
20 55 56
20 56 31
20 57 70
20 58 96
20 59 45
20 60 56
20 61 21
20 62 49
20 63 87
20 64 2
20 65 28
20 66 77
20 67 1
20 68 17
20 69 22
20 70 89
20 71 92
20 72 81
20 73 61
20 74 50
20 75 68
20 76 50
20 77 90
20 78 42
20 79 81
20 80 83
21 22 20
21 23 96
21 24 7
21 25 59
21 26 75
21 27 88
21 28 35
21 29 75
21 30 27
21 31 46
21 32 70
21 33 15
21 34 64
21 35 13
21 36 30
21 37 4
21 38 72
21 39 61
21 40 60
21 41 74
21 42 50
21 43 20
21 44 9
21 45 35
21 46 4
21 47 9
21 48 90
21 49 16
21 50 21
21 51 98
21 52 49
21 53 23
21 54 31
21 55 75
21 56 0
21 57 28
21 58 82
21 59 80
21 60 75
21 61 22
21 62 5
21 63 48
21 64 22
21 65 77
21 66 76
21 67 68
21 68 80
21 69 60
21 70 82
21 71 97
21 72 37
21 73 49
21 74 10
21 75 18
21 76 73
21 77 47
21 78 37
21 79 80
21 80 37
22 23 8
22 24 60
22 25 93
22 26 78
22 27 14
22 28 32
22 29 94
22 30 12
22 31 94
22 32 12
22 33 64
22 34 67
22 35 74
22 36 32
22 37 60
22 38 92
22 39 92
22 40 66
22 41 37
22 42 80
22 43 12
22 44 48
22 45 58
22 46 31
22 47 79
22 48 20
22 49 65
22 50 21
22 51 46
22 52 87
22 53 81
22 54 72
22 55 35
22 56 20
22 57 80
22 58 35
22 59 19
22 60 74
22 61 44
22 62 25
22 63 14
22 64 90
22 65 17
22 66 79
22 67 81
22 68 26
22 69 9
22 70 31
22 71 79
22 72 62
22 73 54
22 74 56
22 75 41
22 76 97
22 77 80
22 78 30
22 79 92
22 80 63
23 24 64
23 25 9
23 26 48
23 27 79
23 28 65
23 29 52
23 30 57
23 31 51
23 32 89
23 33 84
23 34 91
23 35 30
23 36 53
23 37 32
23 38 16
23 39 79
23 40 93
23 41 4
23 42 19
23 43 91
23 44 12
23 45 5
23 46 91
23 47 76
23 48 77
23 49 29
23 50 11
23 51 43
23 52 44
23 53 57
23 54 93
23 55 44
23 56 26
23 57 63
23 58 3
23 59 24
23 60 36
23 61 21
23 62 53
23 63 0
23 64 57
23 65 88
23 66 23
23 67 27
23 68 33
23 69 27
23 70 85
23 71 74
23 72 18
23 73 38
23 74 35
23 75 12
23 76 3
23 77 1
23 78 92
23 79 24
23 80 30
24 25 98
24 26 70
24 27 60
24 28 73
24 29 10
24 30 1
24 31 86
24 32 10
24 33 72
24 34 1
24 35 36
24 36 15
24 37 40
24 38 22
24 39 86
24 40 25
24 41 10
24 42 37
24 43 36
24 44 20
24 45 87
24 46 47
24 47 62
24 48 12
24 49 49
24 50 93
24 51 66
24 52 29
24 53 13
24 54 6
24 55 89
24 56 54
24 57 38
24 58 44
24 59 76
24 60 51
24 61 21
24 62 77
24 63 47
24 64 63
24 65 38
24 66 9
24 67 95
24 68 45
24 69 53
24 70 54
24 71 66
24 72 44
24 73 41
24 74 54
24 75 13
24 76 13
24 77 79
24 78 7
24 79 83
24 80 15
25 26 63
25 27 68
25 28 11
25 29 10
25 30 66
25 31 65
25 32 73
25 33 86
25 34 47
25 35 77
25 36 49
25 37 11
25 38 63
25 39 83
25 40 0
25 41 93
25 42 44
25 43 98
25 44 86
25 45 15
25 46 58
25 47 49
25 48 79
25 49 91
25 50 58
25 51 99
25 52 65
25 53 31
25 54 42
25 55 7
25 56 48
25 57 9
25 58 67
25 59 62
25 60 4
25 61 27
25 62 57
25 63 41
25 64 71
25 65 68
25 66 60
25 67 67
25 68 44
25 69 99
25 70 76
25 71 86
25 72 81
25 73 15
25 74 56
25 75 39
25 76 70
25 77 76
25 78 36
25 79 65
25 80 19
26 27 46
26 28 16
26 29 23
26 30 44
26 31 1
26 32 76
26 33 45
26 34 8
26 35 16
26 36 79
26 37 38
26 38 30
26 39 30
26 40 29
26 41 41
26 42 23
26 43 91
26 44 46
26 45 22
26 46 51
26 47 10
26 48 40
26 49 68
26 50 84
26 51 98
26 52 70
26 53 63
26 54 83
26 55 91
26 56 96
26 57 98
26 58 49
26 59 84
26 60 58
26 61 82
26 62 27
26 63 66
26 64 81
26 65 17
26 66 63
26 67 78
26 68 71
26 69 40
26 70 16
26 71 97
26 72 53
26 73 97
26 74 66
26 75 19
26 76 87
26 77 33
26 78 61
26 79 20
26 80 69
27 28 17
27 29 68
27 30 83
27 31 91
27 32 62
27 33 52
27 34 79
27 35 90
27 36 72
27 37 88
27 38 27
27 39 8
27 40 63
27 41 36
27 42 25
27 43 87
27 44 83
27 45 91
27 46 91
27 47 26
27 48 69
27 49 68
27 50 59
27 51 37
27 52 68
27 53 89
27 54 83
27 55 52
27 56 67
27 57 18
27 58 84
27 59 64
27 60 7
27 61 52
27 62 1
27 63 33
27 64 22
27 65 80
27 66 6
27 67 91
27 68 52
27 69 52
27 70 27
27 71 61
27 72 61
27 73 12
27 74 93
27 75 51
27 76 73
27 77 43
27 78 46
27 79 62
27 80 14
28 29 12
28 30 56
28 31 52
28 32 18
28 33 75
28 34 24
28 35 65
28 36 65
28 37 99
28 38 11
28 39 5
28 40 9
28 41 53
28 42 83
28 43 99
28 44 83
28 45 55
28 46 79
28 47 27
28 48 41
28 49 27
28 50 97
28 51 11
28 52 60
28 53 70
28 54 12
28 55 66
28 56 72
28 57 44
28 58 31
28 59 50
28 60 22
28 61 68
28 62 18
28 63 12
28 64 54
28 65 93
28 66 10
28 67 47
28 68 33
28 69 6
28 70 89
28 71 51
28 72 27
28 73 44
28 74 34
28 75 13
28 76 85
28 77 14
28 78 38
28 79 33
28 80 3
29 30 54
29 31 99
29 32 3
29 33 20
29 34 28
29 35 43
29 36 49
29 37 75
29 38 34
29 39 67
29 40 70
29 41 43
29 42 74
29 43 53
29 44 89
29 45 31
29 46 85
29 47 47
29 48 24
29 49 73
29 50 60
29 51 46
29 52 98
29 53 28
29 54 93
29 55 80
29 56 77
29 57 98
29 58 28
29 59 46
29 60 11
29 61 34
29 62 55
29 63 13
29 64 15
29 65 2
29 66 45
29 67 91
29 68 80
29 69 64
29 70 92
29 71 83
29 72 78
29 73 62
29 74 83
29 75 64
29 76 97
29 77 35
29 78 26
29 79 85
29 80 5
30 31 18
30 32 48
30 33 64
30 34 19
30 35 94
30 36 99
30 37 69
30 38 87
30 39 81
30 40 0
30 41 18
30 42 49
30 43 67
30 44 15
30 45 71
30 46 27
30 47 70
30 48 76
30 49 71
30 50 56
30 51 33
30 52 56
30 53 60
30 54 75
30 55 89
30 56 8
30 57 24
30 58 88
30 59 76
30 60 79
30 61 17
30 62 50
30 63 1
30 64 26
30 65 65
30 66 21
30 67 22
30 68 84
30 69 92
30 70 97
30 71 21
30 72 11
30 73 78
30 74 60
30 75 46
30 76 72
30 77 54
30 78 23
30 79 80
30 80 18
31 32 27
31 33 5
31 34 21
31 35 0
31 36 70
31 37 22
31 38 100
31 39 68
31 40 15
31 41 71
31 42 51
31 43 11
31 44 97
31 45 50
31 46 11
31 47 81
31 48 49
31 49 100
31 50 59
31 51 32
31 52 75
31 53 70
31 54 6
31 55 59
31 56 2
31 57 62
31 58 74
31 59 22
31 60 20
31 61 70
31 62 47
31 63 7
31 64 31
31 65 14
31 66 94
31 67 10
31 68 27
31 69 53
31 70 15
31 71 77
31 72 34
31 73 93
31 74 96
31 75 100
31 76 86
31 77 30
31 78 16
31 79 91
31 80 70
32 33 58
32 34 56
32 35 52
32 36 0
32 37 82
32 38 43
32 39 48
32 40 89
32 41 23
32 42 42
32 43 36
32 44 31
32 45 58
32 46 72
32 47 14
32 48 55
32 49 51
32 50 67
32 51 49
32 52 7
32 53 99
32 54 75
32 55 22
32 56 50
32 57 32
32 58 14
32 59 1
32 60 88
32 61 28
32 62 7
32 63 99
32 64 88
32 65 100
32 66 94
32 67 49
32 68 17
32 69 5
32 70 74
32 71 67
32 72 59
32 73 91
32 74 70
32 75 50
32 76 29
32 77 12
32 78 83
32 79 85
32 80 43
33 34 78
33 35 63
33 36 4
33 37 55
33 38 48
33 39 25
33 40 65
33 41 26
33 42 87
33 43 64
33 44 82
33 45 5
33 46 30
33 47 70
33 48 3
33 49 87
33 50 3
33 51 72
33 52 57
33 53 43
33 54 42
33 55 1
33 56 7
33 57 21
33 58 90
33 59 7
33 60 45
33 61 73
33 62 71
33 63 10
33 64 92
33 65 69
33 66 84
33 67 33
33 68 64
33 69 70
33 70 67
33 71 28
33 72 68
33 73 100
33 74 20
33 75 83
33 76 26
33 77 43
33 78 38
33 79 11
33 80 64
34 35 66
34 36 80
34 37 67
34 38 76
34 39 68
34 40 23
34 41 71
34 42 35
34 43 0
34 44 12
34 45 41
34 46 31
34 47 35
34 48 43
34 49 77
34 50 91
34 51 56
34 52 20
34 53 4
34 54 74
34 55 23
34 56 23
34 57 62
34 58 89
34 59 34
34 60 87
34 61 55
34 62 61
34 63 35
34 64 38
34 65 46
34 66 37
34 67 93
34 68 73
34 69 94
34 70 79
34 71 7
34 72 42
34 73 35
34 74 57
34 75 80
34 76 73
34 77 62
34 78 62
34 79 46
34 80 86
35 36 55
35 37 59
35 38 89
35 39 49
35 40 53
35 41 23
35 42 34
35 43 30
35 44 75
35 45 32
35 46 4
35 47 41
35 48 76
35 49 29
35 50 63
35 51 8
35 52 36
35 53 25
35 54 85
35 55 20
35 56 57
35 57 35
35 58 66
35 59 88
35 60 82
35 61 97
35 62 59
35 63 74
35 64 84
35 65 74
35 66 68
35 67 47
35 68 96
35 69 21
35 70 87
35 71 99
35 72 56
35 73 91
35 74 75
35 75 64
35 76 92
35 77 18
35 78 15
35 79 2
35 80 6
36 37 26
36 38 40
36 39 90
36 40 37
36 41 40
36 42 49
36 43 11
36 44 48
36 45 22
36 46 82
36 47 94
36 48 57
36 49 48
36 50 15
36 51 99
36 52 88
36 53 74
36 54 51
36 55 94
36 56 60
36 57 91
36 58 81
36 59 80
36 60 81
36 61 41
36 62 65
36 63 14
36 64 23
36 65 33
36 66 71
36 67 68
36 68 49
36 69 29
36 70 85
36 71 84
36 72 25
36 73 76
36 74 80
36 75 24
36 76 30
36 77 71
36 78 1
36 79 94
36 80 3
37 38 65
37 39 67
37 40 21
37 41 69
37 42 79
37 43 34
37 44 91
37 45 82
37 46 96
37 47 51
37 48 56
37 49 33
37 50 65
37 51 92
37 52 10
37 53 83
37 54 11
37 55 0
37 56 86
37 57 36
37 58 14
37 59 71
37 60 6
37 61 43
37 62 18
37 63 9
37 64 93
37 65 85
37 66 78
37 67 3
37 68 59
37 69 52
37 70 63
37 71 33
37 72 66
37 73 89
37 74 93
37 75 48
37 76 71
37 77 5
37 78 55
37 79 18
37 80 93
38 39 11
38 40 54
38 41 85
38 42 1
38 43 6
38 44 21
38 45 7
38 46 45
38 47 38
38 48 32
38 49 93
38 50 11
38 51 51
38 52 75
38 53 1
38 54 91
38 55 98
38 56 63
38 57 71
38 58 60
38 59 95
38 60 38
38 61 29
38 62 43
38 63 2
38 64 8
38 65 29
38 66 59
38 67 99
38 68 19
38 69 54
38 70 9
38 71 69
38 72 45
38 73 71
38 74 92
38 75 33
38 76 4
38 77 20
38 78 10
38 79 46
38 80 65
39 40 98
39 41 85
39 42 17
39 43 21
39 44 68
39 45 14
39 46 85
39 47 36
39 48 30
39 49 71
39 50 4
39 51 51
39 52 51
39 53 65
39 54 99
39 55 20
39 56 19
39 57 36
39 58 26
39 59 52
39 60 12
39 61 25
39 62 40
39 63 6
39 64 68
39 65 76
39 66 15
39 67 57
39 68 24
39 69 54
39 70 67
39 71 69
39 72 91
39 73 54
39 74 66
39 75 43
39 76 52
39 77 0
39 78 53
39 79 95
39 80 80
40 41 46
40 42 95
40 43 40
40 44 75
40 45 10
40 46 13
40 47 2
40 48 19
40 49 56
40 50 50
40 51 91
40 52 96
40 53 65
40 54 10
40 55 40
40 56 68
40 57 64
40 58 36
40 59 67
40 60 49
40 61 56
40 62 73
40 63 77
40 64 19
40 65 25
40 66 25
40 67 27
40 68 74
40 69 94
40 70 51
40 71 61
40 72 79
40 73 59
40 74 23
40 75 34
40 76 75
40 77 64
40 78 98
40 79 81
40 80 61
41 42 86
41 43 20
41 44 46
41 45 5
41 46 34
41 47 34
41 48 24
41 49 80
41 50 100
41 51 87
41 52 76
41 53 62
41 54 18
41 55 70
41 56 9
41 57 9
41 58 91
41 59 26
41 60 60
41 61 48
41 62 22
41 63 11
41 64 81
41 65 81
41 66 90
41 67 16
41 68 45
41 69 77
41 70 26
41 71 40
41 72 34
41 73 25
41 74 3
41 75 78
41 76 39
41 77 25
41 78 84
41 79 21
41 80 74
42 43 94
42 44 15
42 45 10
42 46 79
42 47 61
42 48 91
42 49 25
42 50 32
42 51 76
42 52 34
42 53 34
42 54 10
42 55 83
42 56 68
42 57 21
42 58 17
42 59 67
42 60 2
42 61 100
42 62 15
42 63 13
42 64 36
42 65 84
42 66 34
42 67 78
42 68 27
42 69 1
42 70 5
42 71 4
42 72 76
42 73 15
42 74 0
42 75 42
42 76 73
42 77 38
42 78 30
42 79 54
42 80 92
43 44 21
43 45 43
43 46 55
43 47 95
43 48 39
43 49 13
43 50 34
43 51 59
43 52 33
43 53 56
43 54 11
43 55 20
43 56 32
43 57 27
43 58 23
43 59 19
43 60 12
43 61 95
43 62 42
43 63 84
43 64 68
43 65 79
43 66 2
43 67 51
43 68 95
43 69 61
43 70 9
43 71 48
43 72 34
43 73 2
43 74 14
43 75 16
43 76 54
43 77 30
43 78 40
43 79 54
43 80 31
44 45 38
44 46 69
44 47 89
44 48 27
44 49 9
44 50 79
44 51 92
44 52 89
44 53 90
44 54 100
44 55 8
44 56 9
44 57 6
44 58 35
44 59 25
44 60 88
44 61 65
44 62 84
44 63 35
44 64 77
44 65 47
44 66 72
44 67 28
44 68 46
44 69 71
44 70 65
44 71 26
44 72 3
44 73 93
44 74 64
44 75 93
44 76 1
44 77 20
44 78 44
44 79 73
44 80 78
45 46 64
45 47 85
45 48 30
45 49 2
45 50 88
45 51 95
45 52 93
45 53 14
45 54 36
45 55 70
45 56 34
45 57 75
45 58 0
45 59 25
45 60 34
45 61 23
45 62 52
45 63 66
45 64 28
45 65 19
45 66 70
45 67 78
45 68 37
45 69 86
45 70 98
45 71 52
45 72 45
45 73 48
45 74 52
45 75 11
45 76 62
45 77 89
45 78 89
45 79 77
45 80 8
46 47 9
46 48 48
46 49 1
46 50 20
46 51 50
46 52 60
46 53 56
46 54 98
46 55 89
46 56 17
46 57 79
46 58 25
46 59 50
46 60 18
46 61 43
46 62 55
46 63 88
46 64 78
46 65 44
46 66 42
46 67 46
46 68 28
46 69 5
46 70 51
46 71 99
46 72 34
46 73 54
46 74 100
46 75 78
46 76 84
46 77 27
46 78 91
46 79 48
46 80 25
47 48 59
47 49 68
47 50 50
47 51 59
47 52 0
47 53 90
47 54 79
47 55 39
47 56 54
47 57 47
47 58 18
47 59 44
47 60 63
47 61 91
47 62 46
47 63 13
47 64 47
47 65 5
47 66 23
47 67 93
47 68 9
47 69 77
47 70 23
47 71 82
47 72 100
47 73 94
47 74 93
47 75 52
47 76 39
47 77 17
47 78 58
47 79 21
47 80 26
48 49 2
48 50 82
48 51 58
48 52 85
48 53 2
48 54 87
48 55 28
48 56 20
48 57 69
48 58 54
48 59 31
48 60 37
48 61 1
48 62 60
48 63 8
48 64 21
48 65 55
48 66 69
48 67 43
48 68 77
48 69 21
48 70 45
48 71 47
48 72 66
48 73 74
48 74 1
48 75 24
48 76 19
48 77 54
48 78 29
48 79 96
48 80 17
49 50 3
49 51 13
49 52 76
49 53 27
49 54 28
49 55 52
49 56 48
49 57 36
49 58 62
49 59 69
49 60 84
49 61 64
49 62 96
49 63 99
49 64 8
49 65 41
49 66 12
49 67 41
49 68 87
49 69 11
49 70 14
49 71 2
49 72 99
49 73 75
49 74 15
49 75 36
49 76 80
49 77 67
49 78 8
49 79 94
49 80 42
50 51 10
50 52 70
50 53 54
50 54 4
50 55 87
50 56 4
50 57 18
50 58 100
50 59 50
50 60 89
50 61 69
50 62 33
50 63 87
50 64 50
50 65 40
50 66 54
50 67 81
50 68 36
50 69 24
50 70 38
50 71 51
50 72 68
50 73 50
50 74 23
50 75 90
50 76 8
50 77 56
50 78 68
50 79 72
50 80 39
51 52 11
51 53 49
51 54 51
51 55 78
51 56 78
51 57 20
51 58 80
51 59 67
51 60 12
51 61 16
51 62 3
51 63 75
51 64 16
51 65 25
51 66 2
51 67 0
51 68 75
51 69 47
51 70 73
51 71 96
51 72 87
51 73 17
51 74 87
51 75 13
51 76 31
51 77 34
51 78 46
51 79 11
51 80 100
52 53 86
52 54 66
52 55 29
52 56 82
52 57 91
52 58 71
52 59 97
52 60 15
52 61 41
52 62 74
52 63 62
52 64 0
52 65 99
52 66 16
52 67 94
52 68 42
52 69 86
52 70 50
52 71 80
52 72 80
52 73 17
52 74 74
52 75 52
52 76 72
52 77 10
52 78 42
52 79 24
52 80 34
53 54 59
53 55 71
53 56 18
53 57 82
53 58 19
53 59 56
53 60 43
53 61 69
53 62 63
53 63 70
53 64 9
53 65 35
53 66 42
53 67 73
53 68 94
53 69 46
53 70 37
53 71 0
53 72 89
53 73 94
53 74 94
53 75 41
53 76 47
53 77 73
53 78 25
53 79 92
53 80 52
54 55 73
54 56 81
54 57 76
54 58 51
54 59 80
54 60 89
54 61 1
54 62 89
54 63 83
54 64 73
54 65 30
54 66 100
54 67 39
54 68 21
54 69 12
54 70 52
54 71 59
54 72 16
54 73 28
54 74 28
54 75 87
54 76 53
54 77 59
54 78 87
54 79 15
54 80 50
55 56 80
55 57 61
55 58 22
55 59 1
55 60 70
55 61 27
55 62 27
55 63 1
55 64 73
55 65 93
55 66 99
55 67 93
55 68 18
55 69 34
55 70 19
55 71 59
55 72 92
55 73 10
55 74 5
55 75 75
55 76 43
55 77 0
55 78 50
55 79 79
55 80 66
56 57 96
56 58 57
56 59 23
56 60 20
56 61 89
56 62 4
56 63 22
56 64 65
56 65 97
56 66 55
56 67 84
56 68 84
56 69 49
56 70 82
56 71 87
56 72 7
56 73 45
56 74 79
56 75 19
56 76 48
56 77 35
56 78 6
56 79 41
56 80 82
57 58 32
57 59 44
57 60 56
57 61 87
57 62 47
57 63 73
57 64 98
57 65 61
57 66 43
57 67 75
57 68 88
57 69 93
57 70 43
57 71 26
57 72 74
57 73 31
57 74 87
57 75 31
57 76 50
57 77 10
57 78 47
57 79 35
57 80 5
58 59 17
58 60 33
58 61 91
58 62 99
58 63 16
58 64 26
58 65 65
58 66 59
58 67 71
58 68 40
58 69 85
58 70 58
58 71 33
58 72 29
58 73 67
58 74 48
58 75 82
58 76 71
58 77 7
58 78 56
58 79 52
58 80 86
59 60 26
59 61 3
59 62 16
59 63 43
59 64 8
59 65 51
59 66 44
59 67 62
59 68 95
59 69 52
59 70 4
59 71 67
59 72 8
59 73 35
59 74 5
59 75 80
59 76 79
59 77 17
59 78 29
59 79 28
59 80 17
60 61 16
60 62 55
60 63 66
60 64 59
60 65 98
60 66 42
60 67 63
60 68 49
60 69 9
60 70 0
60 71 43
60 72 36
60 73 70
60 74 36
60 75 49
60 76 44
60 77 40
60 78 53
60 79 70
60 80 5
61 62 0
61 63 88
61 64 60
61 65 30
61 66 23
61 67 5
61 68 47
61 69 47
61 70 89
61 71 72
61 72 47
61 73 75
61 74 5
61 75 77
61 76 1
61 77 73
61 78 60
61 79 83
61 80 51
62 63 87
62 64 80
62 65 9
62 66 95
62 67 3
62 68 80
62 69 91
62 70 24
62 71 2
62 72 70
62 73 60
62 74 79
62 75 64
62 76 75
62 77 10
62 78 81
62 79 1
62 80 80
63 64 54
63 65 42
63 66 39
63 67 96
63 68 32
63 69 6
63 70 48
63 71 97
63 72 81
63 73 27
63 74 56
63 75 94
63 76 65
63 77 24
63 78 12
63 79 91
63 80 67
64 65 8
64 66 38
64 67 50
64 68 99
64 69 55
64 70 21
64 71 85
64 72 3
64 73 59
64 74 1
64 75 29
64 76 83
64 77 36
64 78 27
64 79 21
64 80 30
65 66 24
65 67 85
65 68 28
65 69 49
65 70 100
65 71 86
65 72 19
65 73 87
65 74 79
65 75 26
65 76 29
65 77 42
65 78 11
65 79 96
65 80 22
66 67 53
66 68 6
66 69 71
66 70 56
66 71 20
66 72 33
66 73 89
66 74 67
66 75 58
66 76 92
66 77 17
66 78 71
66 79 22
66 80 92
67 68 73
67 69 38
67 70 74
67 71 41
67 72 94
67 73 10
67 74 65
67 75 82
67 76 22
67 77 78
67 78 100
67 79 17
67 80 26
68 69 81
68 70 30
68 71 43
68 72 58
68 73 61
68 74 79
68 75 47
68 76 62
68 77 70
68 78 85
68 79 42
68 80 39
69 70 9
69 71 49
69 72 51
69 73 79
69 74 63
69 75 83
69 76 54
69 77 48
69 78 3
69 79 26
69 80 94
70 71 14
70 72 29
70 73 33
70 74 1
70 75 63
70 76 30
70 77 57
70 78 62
70 79 40
70 80 67
71 72 62
71 73 75
71 74 75
71 75 3
71 76 64
71 77 34
71 78 87
71 79 81
71 80 42
72 73 79
72 74 37
72 75 61
72 76 15
72 77 96
72 78 1
72 79 9
72 80 93
73 74 39
73 75 0
73 76 41
73 77 54
73 78 55
73 79 68
73 80 51
74 75 54
74 76 17
74 77 63
74 78 21
74 79 79
74 80 61
75 76 61
75 77 75
75 78 73
75 79 29
75 80 77
76 77 37
76 78 14
76 79 93
76 80 53
77 78 25
77 79 97
77 80 100
78 79 25
78 80 68
79 80 63
