81 3240
1 2 22
1 3 92
1 4 22
1 5 85
1 6 49
1 7 39
1 8 29
1 9 90
1 10 9
1 11 14
1 12 10
1 13 7
1 14 78
1 15 31
1 16 78
1 17 11
1 18 74
1 19 0
1 20 65
1 21 18
1 22 70
1 23 76
1 24 54
1 25 55
1 26 62
1 27 18
1 28 9
1 29 66
1 30 8
1 31 14
1 32 9
1 33 13
1 34 71
1 35 77
1 36 32
1 37 42
1 38 74
1 39 98
1 40 36
1 41 91
1 42 2
1 43 44
1 44 83
1 45 61
1 46 52
1 47 42
1 48 27
1 49 32
1 50 95
1 51 21
1 52 46
1 53 64
1 54 4
1 55 26
1 56 31
1 57 49
1 58 68
1 59 1
1 60 7
1 61 89
1 62 57
1 63 41
1 64 56
1 65 79
1 66 55
1 67 77
1 68 7
1 69 19
1 70 84
1 71 65
1 72 89
1 73 37
1 74 85
1 75 22
1 76 49
1 77 5
1 78 48
1 79 64
1 80 94
1 81 86
2 3 90
2 4 50
2 5 79
2 6 84
2 7 96
2 8 48
2 9 73
2 10 66
2 11 85
2 12 73
2 13 29
2 14 24
2 15 41
2 16 80
2 17 34
2 18 60
2 19 66
2 20 69
2 21 41
2 22 95
2 23 60
2 24 49
2 25 87
2 26 29
2 27 66
2 28 81
2 29 27
2 30 48
2 31 67
2 32 79
2 33 76
2 34 47
2 35 1
2 36 15
2 37 98
2 38 63
2 39 66
2 40 35
2 41 55
2 42 11
2 43 58
2 44 45
2 45 9
2 46 48
2 47 74
2 48 25
2 49 72
2 50 40
2 51 48
2 52 5
2 53 81
2 54 85
2 55 46
2 56 48
2 57 89
2 58 38
2 59 65
2 60 29
2 61 97
2 62 21
2 63 70
2 64 2
2 65 68
2 66 84
2 67 32
2 68 69
2 69 75
2 70 99
2 71 15
2 72 12
2 73 18
2 74 69
2 75 76
2 76 58
2 77 82
2 78 0
2 79 93
2 80 33
2 81 19
3 4 99
3 5 54
3 6 43
3 7 43
3 8 85
3 9 24
3 10 99
3 11 92
3 12 36
3 13 92
3 14 33
3 15 46
3 16 64
3 17 13
3 18 8
3 19 10
3 20 18
3 21 64
3 22 31
3 23 4
3 24 78
3 25 45
3 26 1
3 27 98
3 28 55
3 29 25
3 30 75
3 31 96
3 32 98
3 33 19
3 34 26
3 35 64
3 36 73
3 37 81
3 38 22
3 39 75
3 40 26
3 41 76
3 42 67
3 43 13
3 44 38
3 45 75
3 46 19
3 47 31
3 48 44
3 49 90
3 50 42
3 51 79
3 52 65
3 53 77
3 54 54
3 55 99
3 56 21
3 57 100
3 58 14
3 59 45
3 60 52
3 61 50
3 62 92
3 63 80
3 64 59
3 65 24
3 66 56
3 67 6
3 68 73
3 69 26
3 70 56
3 71 15
3 72 84
3 73 2
3 74 91
3 75 26
3 76 1
3 77 87
3 78 82
3 79 48
3 80 46
3 81 96
4 5 27
4 6 32
4 7 61
4 8 49
4 9 88
4 10 96
4 11 86
4 12 35
4 13 55
4 14 28
4 15 56
4 16 57
4 17 78
4 18 6
4 19 63
4 20 2
4 21 56
4 22 53
4 23 47
4 24 12
4 25 8
4 26 72
4 27 26
4 28 20
4 29 53
4 30 32
4 31 60
4 32 94
4 33 76
4 34 99
4 35 100
4 36 1
4 37 78
4 38 40
4 39 25
4 40 24
4 41 99
4 42 67
4 43 5
4 44 72
4 45 100
4 46 63
4 47 44
4 48 59
4 49 57
4 50 92
4 51 81
4 52 8
4 53 34
4 54 72
4 55 56
4 56 6
4 57 25
4 58 96
4 59 64
4 60 15
4 61 34
4 62 79
4 63 18
4 64 67
4 65 26
4 66 25
4 67 84
4 68 14
4 69 33
4 70 4
4 71 99
4 72 1
4 73 89
4 74 78
4 75 80
4 76 11
4 77 53
4 78 64
4 79 78
4 80 61
4 81 20
5 6 43
5 7 24
5 8 85
5 9 36
5 10 21
5 11 53
5 12 56
5 13 94
5 14 92
5 15 0
5 16 15
5 17 11
5 18 80
5 19 2
5 20 67
5 21 47
5 22 6
5 23 31
5 24 93
5 25 55
5 26 37
5 27 8
5 28 24
5 29 89
5 30 2
5 31 92
5 32 38
5 33 36
5 34 96
5 35 45
5 36 42
5 37 72
5 38 43
5 39 22
5 40 33
5 41 62
5 42 24
5 43 59
5 44 50
5 45 1
5 46 23
5 47 92
5 48 54
5 49 100
5 50 37
5 51 84
5 52 39
5 53 26
5 54 91
5 55 22
5 56 91
5 57 9
5 58 77
5 59 55
5 60 28
5 61 23
5 62 98
5 63 25
5 64 55
5 65 24
5 66 56
5 67 3
5 68 24
5 69 42
5 70 25
5 71 74
5 72 42
5 73 98
5 74 15
5 75 27
5 76 61
5 77 63
5 78 25
5 79 13
5 80 83
5 81 57
6 7 84
6 8 80
6 9 77
6 10 96
6 11 36
6 12 56
6 13 3
6 14 51
6 15 65
6 16 46
6 17 63
6 18 75
6 19 59
6 20 76
6 21 78
6 22 24
6 23 94
6 24 98
6 25 77
6 26 25
6 27 11
6 28 35
6 29 55
6 30 95
6 31 89
6 32 93
6 33 26
6 34 97
6 35 57
6 36 91
6 37 9
6 38 93
6 39 54
6 40 42
6 41 90
6 42 37
6 43 33
6 44 50
6 45 65
6 46 77
6 47 37
6 48 53
6 49 91
6 50 64
6 51 77
6 52 5
6 53 29
6 54 37
6 55 48
6 56 29
6 57 45
6 58 95
6 59 100
6 60 70
6 61 51
6 62 91
6 63 91
6 64 32
6 65 58
6 66 34
6 67 65
6 68 76
6 69 41
6 70 75
6 71 41
6 72 95
6 73 56
6 74 83
6 75 67
6 76 0
6 77 11
6 78 24
6 79 69
6 80 53
6 81 65
7 8 53
7 9 80
7 10 37
7 11 82
7 12 92
7 13 17
7 14 29
7 15 88
7 16 83
7 17 94
7 18 79
7 19 8
7 20 65
7 21 80
7 22 67
7 23 6
7 24 75
7 25 48
7 26 78
7 27 62
7 28 22
7 29 89
7 30 92
7 31 65
7 32 27
7 33 68
7 34 10
7 35 24
7 36 62
7 37 97
7 38 13
7 39 65
7 40 29
7 41 99
7 42 83
7 43 49
7 44 100
7 45 74
7 46 76
7 47 78
7 48 98
7 49 73
7 50 47
7 51 8
7 52 15
7 53 64
7 54 27
7 55 35
7 56 95
7 57 80
7 58 98
7 59 82
7 60 61
7 61 52
7 62 50
7 63 20
7 64 57
7 65 62
7 66 40
7 67 23
7 68 11
7 69 42
7 70 10
7 71 25
7 72 68
7 73 63
7 74 28
7 75 96
7 76 29
7 77 63
7 78 67
7 79 32
7 80 34
7 81 18
8 9 82
8 10 51
8 11 94
8 12 10
8 13 80
8 14 88
8 15 37
8 16 36
8 17 34
8 18 28
8 19 1
8 20 10
8 21 53
8 22 47
8 23 73
8 24 85
8 25 83
8 26 59
8 27 91
8 28 63
8 29 26
8 30 62
8 31 93
8 32 52
8 33 83
8 34 92
8 35 45
8 36 10
8 37 12
8 38 43
8 39 90
8 40 81
8 41 14
8 42 43
8 43 23
8 44 12
8 45 95
8 46 22
8 47 13
8 48 30
8 49 73
8 50 93
8 51 36
8 52 36
8 53 97
8 54 6
8 55 4
8 56 39
8 57 74
8 58 21
8 59 57
8 60 67
8 61 1
8 62 13
8 63 37
8 64 7
8 65 65
8 66 24
8 67 50
8 68 44
8 69 90
8 70 89
8 71 66
8 72 15
8 73 3
8 74 12
8 75 97
8 76 9
8 77 13
8 78 21
8 79 45
8 80 23
8 81 53
9 10 24
9 11 33
9 12 56
9 13 100
9 14 97
9 15 10
9 16 91
9 17 79
9 18 61
9 19 84
9 20 48
9 21 6
9 22 73
9 23 100
9 24 7
9 25 71
9 26 87
9 27 19
9 28 32
9 29 78
9 30 38
9 31 67
9 32 83
9 33 47
9 34 50
9 35 80
9 36 95
9 37 70
9 38 39
9 39 76
9 40 30
9 41 45
9 42 51
9 43 97
9 44 38
9 45 68
9 46 1
9 47 89
9 48 13
9 49 78
9 50 89
9 51 1
9 52 36
9 53 19
9 54 52
9 55 24
9 56 78
9 57 86
9 58 87
9 59 19
9 60 92
9 61 2
9 62 45
9 63 4
9 64 98
9 65 44
9 66 30
9 67 79
9 68 29
9 69 5
9 70 59
9 71 52
9 72 7
9 73 20
9 74 11
9 75 3
9 76 96
9 77 80
9 78 84
9 79 97
9 80 16
9 81 82
10 11 12
10 12 55
10 13 12
10 14 21
10 15 59
10 16 23
10 17 11
10 18 43
10 19 49
10 20 1
10 21 86
10 22 41
10 23 73
10 24 13
10 25 9
10 26 87
10 27 13
10 28 83
10 29 81
10 30 37
10 31 18
10 32 80
10 33 95
10 34 57
10 35 95
10 36 33
10 37 64
10 38 20
10 39 15
10 40 97
10 41 3
10 42 78
10 43 79
10 44 3
10 45 78
10 46 50
10 47 27
10 48 77
10 49 56
10 50 41
10 51 66
10 52 44
10 53 47
10 54 83
10 55 96
10 56 96
10 57 93
10 58 84
10 59 15
10 60 94
10 61 1
10 62 4
10 63 100
10 64 72
10 65 62
10 66 21
10 67 31
10 68 22
10 69 25
10 70 95
10 71 1
10 72 26
10 73 100
10 74 89
10 75 41
10 76 47
10 77 5
10 78 31
10 79 65
10 80 4
10 81 99
11 12 10
11 13 34
11 14 45
11 15 44
11 16 30
11 17 5
11 18 92
11 19 90
11 20 67
11 21 80
11 22 15
11 23 52
11 24 28
11 25 50
11 26 39
11 27 97
11 28 63
11 29 49
11 30 13
11 31 60
11 32 64
11 33 14
11 34 17
11 35 85
11 36 72
11 37 16
11 38 7
11 39 96
11 40 47
11 41 99
11 42 11
11 43 98
11 44 82
11 45 51
11 46 87
11 47 99
11 48 87
11 49 65
11 50 9
11 51 72
11 52 80
11 53 27
11 54 0
11 55 12
11 56 58
11 57 66
11 58 39
11 59 75
11 60 54
11 61 12
11 62 67
11 63 22
11 64 53
11 65 89
11 66 72
11 67 90
11 68 14
11 69 38
11 70 45
11 71 62
11 72 82
11 73 72
11 74 16
11 75 51
11 76 54
11 77 82
11 78 74
11 79 11
11 80 45
11 81 6
12 13 2
12 14 74
12 15 98
12 16 29
12 17 90
12 18 2
12 19 66
12 20 57
12 21 22
12 22 24
12 23 18
12 24 96
12 25 87
12 26 84
12 27 73
12 28 63
12 29 4
12 30 46
12 31 98
12 32 25
12 33 23
12 34 22
12 35 68
12 36 39
12 37 57
12 38 26
12 39 1
12 40 57
12 41 49
12 42 28
12 43 68
12 44 86
12 45 62
12 46 59
12 47 70
12 48 79
12 49 46
12 50 51
12 51 87
12 52 14
12 53 67
12 54 39
12 55 64
12 56 73
12 57 18
12 58 82
12 59 60
12 60 82
12 61 3
12 62 15
12 63 87
12 64 29
12 65 57
12 66 47
12 67 23
12 68 40
12 69 53
12 70 35
12 71 90
12 72 7
12 73 33
12 74 26
12 75 79
12 76 37
12 77 33
12 78 25
12 79 28
12 80 67
12 81 77
13 14 41
13 15 31
13 16 71
13 17 35
13 18 83
13 19 72
13 20 71
13 21 36
13 22 91
13 23 26
13 24 5
13 25 93
13 26 25
13 27 100
13 28 19
13 29 63
13 30 50
13 31 5
13 32 42
13 33 52
13 34 82
13 35 23
13 36 96
13 37 40
13 38 0
13 39 24
13 40 22
13 41 59
13 42 69
13 43 51
13 44 84
13 45 56
13 46 94
13 47 27
13 48 85
13 49 14
13 50 36
13 51 35
13 52 76
13 53 55
13 54 32
13 55 6
13 56 93
13 57 82
13 58 97
13 59 47
13 60 12
13 61 36
13 62 11
13 63 78
13 64 28
13 65 92
13 66 1
13 67 40
13 68 71
13 69 20
13 70 93
13 71 90
13 72 25
13 73 79
13 74 23
13 75 46
13 76 64
13 77 62
13 78 30
13 79 58
13 80 78
13 81 41
14 15 58
14 16 58
14 17 65
14 18 22
14 19 50
14 20 62
14 21 10
14 22 16
14 23 56
14 24 17
14 25 87
14 26 81
14 27 65
14 28 24
14 29 95
14 30 72
14 31 100
14 32 81
14 33 44
14 34 79
14 35 11
14 36 8
14 37 97
14 38 99
14 39 96
14 40 96
14 41 98
14 42 9
14 43 78
14 44 57
14 45 24
14 46 34
14 47 44
14 48 19
14 49 53
14 50 37
14 51 81
14 52 30
14 53 12
14 54 93
14 55 72
14 56 19
14 57 18
14 58 57
14 59 14
14 60 53
14 61 2
14 62 100
14 63 23
14 64 2
14 65 75
14 66 39
14 67 11
14 68 4
14 69 80
14 70 42
14 71 63
14 72 51
14 73 34
14 74 61
14 75 71
14 76 49
14 77 69
14 78 54
14 79 11
14 80 2
14 81 55
15 16 10
15 17 29
15 18 98
15 19 8
15 20 4
15 21 82
15 22 82
15 23 75
15 24 69
15 25 96
15 26 85
15 27 10
15 28 100
15 29 42
15 30 77
15 31 34
15 32 58
15 33 52
15 34 39
15 35 44
15 36 10
15 37 94
15 38 17
15 39 4
15 40 26
15 41 17
15 42 70
15 43 33
15 44 8
15 45 46
15 46 94
15 47 70
15 48 77
15 49 93
15 50 22
15 51 64
15 52 85
15 53 16
15 54 8
15 55 31
15 56 40
15 57 93
15 58 38
15 59 23
15 60 94
15 61 29
15 62 99
15 63 83
15 64 75
15 65 67
15 66 25
15 67 83
15 68 47
15 69 90
15 70 99
15 71 64
15 72 74
15 73 70
15 74 83
15 75 71
15 76 47
15 77 61
15 78 38
15 79 58
15 80 99
15 81 15
16 17 83
16 18 75
16 19 91
16 20 99
16 21 52
16 22 21
16 23 74
16 24 50
16 25 92
16 26 70
16 27 30
16 28 40
16 29 15
16 30 87
16 31 38
16 32 73
16 33 72
16 34 64
16 35 29
16 36 35
16 37 16
16 38 3
16 39 62
16 40 77
16 41 91
16 42 64
16 43 62
16 44 80
16 45 74
16 46 24
16 47 11
16 48 37
16 49 42
16 50 23
16 51 29
16 52 81
16 53 13
16 54 50
16 55 87
16 56 35
16 57 84
16 58 58
16 59 85
16 60 74
16 61 98
16 62 95
16 63 42
16 64 19
16 65 80
16 66 24
16 67 48
16 68 72
16 69 95
16 70 2
16 71 90
16 72 9
16 73 37
16 74 30
16 75 63
16 76 58
16 77 55
16 78 65
16 79 54
16 80 78
16 81 52
17 18 88
17 19 56
17 20 45
17 21 18
17 22 5
17 23 79
17 24 29
17 25 88
17 26 58
17 27 31
17 28 8
17 29 86
17 30 67
17 31 54
17 32 13
17 33 8
17 34 47
17 35 0
17 36 15
17 37 36
17 38 24
17 39 63
17 40 99
17 41 19
17 42 82
17 43 62
17 44 21
17 45 53
17 46 6
17 47 33
17 48 74
17 49 44
17 50 47
17 51 14
17 52 45
17 53 96
17 54 0
17 55 45
17 56 2
17 57 48
17 58 85
17 59 34
17 60 36
17 61 31
17 62 71
17 63 76
17 64 89
17 65 86
17 66 92
17 67 51
17 68 91
17 69 21
17 70 50
17 71 99
17 72 34
17 73 81
17 74 84
17 75 92
17 76 94
17 77 17
17 78 61
17 79 16
17 80 67
17 81 0
18 19 36
18 20 79
18 21 52
18 22 62
18 23 85
18 24 61
18 25 28
18 26 23
18 27 50
18 28 0
18 29 49
18 30 94
18 31 61
18 32 90
18 33 97
18 34 61
18 35 59
18 36 67
18 37 18
18 38 62
18 39 15
18 40 74
18 41 57
18 42 38
18 43 95
18 44 19
18 45 88
18 46 78
18 47 54
18 48 69
18 49 12
18 50 24
18 51 43
18 52 45
18 53 49
18 54 26
18 55 4
18 56 10
18 57 4
18 58 47
18 59 87
18 60 80
18 61 61
18 62 46
18 63 91
18 64 67
18 65 1
18 66 29
18 67 76
18 68 44
18 69 70
18 70 92
18 71 65
18 72 45
18 73 68
18 74 26
18 75 5
18 76 64
18 77 8
18 78 77
18 79 13
18 80 4
18 81 65
19 20 85
19 21 41
19 22 74
19 23 97
19 24 55
19 25 94
19 26 70
19 27 54
19 28 34
19 29 48
19 30 8
19 31 94
19 32 68
19 33 92
19 34 3
19 35 80
19 36 36
19 37 25
19 38 31
19 39 43
19 40 66
19 41 92
19 42 24
19 43 71
19 44 8
19 45 77
19 46 2
19 47 87
19 48 68
19 49 73
19 50 6
19 51 67
19 52 79
19 53 44
19 54 30
19 55 52
19 56 87
19 57 1
19 58 42
19 59 88
19 60 98
19 61 22
19 62 90
19 63 99
19 64 76
19 65 66
19 66 46
19 67 2
19 68 35
19 69 59
19 70 61
19 71 11
19 72 85
19 73 22
19 74 8
19 75 53
19 76 32
19 77 95
19 78 91
19 79 53
19 80 23
19 81 43
20 21 44
20 22 49
20 23 87
20 24 74
20 25 7
20 26 98
20 27 31
20 28 7
20 29 39
20 30 70
20 31 35
20 32 54
20 33 96
20 34 8
20 35 9
20 36 19
20 37 64
20 38 45
20 39 18
20 40 9
20 41 6
20 42 55
20 43 15
20 44 96
20 45 38
20 46 29
20 47 14
20 48 21
20 49 34
20 50 15
20 51 63
20 52 62
20 53 89
20 54 34
20 55 0
20 56 12
20 57 79
20 58 96
20 59 37
20 60 16
20 61 93
20 62 70
20 63 1
20 64 98
20 65 73
20 66 59
20 67 62
20 68 6
20 69 7
20 70 29
20 71 8
20 72 55
20 73 83
20 74 51
20 75 90
20 76 4
20 77 77
20 78 75
20 79 51
20 80 17
20 81 92
21 22 6
21 23 91
21 24 31
21 25 35
21 26 5
21 27 47
21 28 12
21 29 10
21 30 71
21 31 11
21 32 54
21 33 75
21 34 90
21 35 56
21 36 84
21 37 2
21 38 44
21 39 21
21 40 68
21 41 32
21 42 5
21 43 70
21 44 2
21 45 56
21 46 76
21 47 100
21 48 53
21 49 90
21 50 78
21 51 28
21 52 1
21 53 5
21 54 18
21 55 3
21 56 92
21 57 21
21 58 33
21 59 75
21 60 76
21 61 14
21 62 100
21 63 67
21 64 46
21 65 12
21 66 37
21 67 83
21 68 67
21 69 85
21 70 69
21 71 55
21 72 74
21 73 4
21 74 82
21 75 3
21 76 25
21 77 67
21 78 87
21 79 77
21 80 67
21 81 31
22 23 79
22 24 9
22 25 8
22 26 79
22 27 14
22 28 97
22 29 70
22 30 52
22 31 73
22 32 87
22 33 53
22 34 69
22 35 20
22 36 24
22 37 45
22 38 44
22 39 49
22 40 40
22 41 63
22 42 22
22 43 45
22 44 69
22 45 65
22 46 7
22 47 98
22 48 39
22 49 55
22 50 42
22 51 2
22 52 46
22 53 32
22 54 52
22 55 64
22 56 0
22 57 5
22 58 36
22 59 26
22 60 89
22 61 40
22 62 96
22 63 82
22 64 16
22 65 50
22 66 38
22 67 47
22 68 9
22 69 63
22 70 26
22 71 88
22 72 28
22 73 9
22 74 30
22 75 87
22 76 58
22 77 65
22 78 99
22 79 61
22 80 45
22 81 81
23 24 35
23 25 68
23 26 65
23 27 14
23 28 73
23 29 9
23 30 86
23 31 97
23 32 26
23 33 27
23 34 33
23 35 88
23 36 53
23 37 93
23 38 92
23 39 100
23 40 28
23 41 48
23 42 7
23 43 95
23 44 18
23 45 72
23 46 67
23 47 56
23 48 1
23 49 43
23 50 69
23 51 96
23 52 17
23 53 82
23 54 51
23 55 47
23 56 72
23 57 22
23 58 42
23 59 95
23 60 67
23 61 3
23 62 94
23 63 78
23 64 97
23 65 32
23 66 24
23 67 10
23 68 56
23 69 10
23 70 34
23 71 33
23 72 67
23 73 96
23 74 88
23 75 49
23 76 82
23 77 11
23 78 100
23 79 53
23 80 94
23 81 46
24 25 83
24 26 58
24 27 10
24 28 46
24 29 38
24 30 0
24 31 3
24 32 58
24 33 87
24 34 18
24 35 8
24 36 87
24 37 48
24 38 88
24 39 7
24 40 5
24 41 51
24 42 34
24 43 14
24 44 7
24 45 14
24 46 14
24 47 38
24 48 92
24 49 65
24 50 63
24 51 79
24 52 87
24 53 23
24 54 96
24 55 22
24 56 23
24 57 92
24 58 24
24 59 11
24 60 43
24 61 47
24 62 65
24 63 65
24 64 64
24 65 0
24 66 47
24 67 1
24 68 1
24 69 3
24 70 40
24 71 0
24 72 43
24 73 84
24 74 92
24 75 41
24 76 1
24 77 77
24 78 91
24 79 70
24 80 47
24 81 78
25 26 97
25 27 93
25 28 20
25 29 23
25 30 3
25 31 38
25 32 45
25 33 73
25 34 25
25 35 30
25 36 95
25 37 99
25 38 29
25 39 28
25 40 36
25 41 9
25 42 97
25 43 43
25 44 11
25 45 26
25 46 65
25 47 48
25 48 74
25 49 100
25 50 74
25 51 54
25 52 27
25 53 70
25 54 23
25 55 39
25 56 96
25 57 61
25 58 94
25 59 83
25 60 18
25 61 100
25 62 60
25 63 76
25 64 86
25 65 17
25 66 70
25 67 6
25 68 14
25 69 9
25 70 78
25 71 21
25 72 43
25 73 44
25 74 13
25 75 67
25 76 70
25 77 32
25 78 61
25 79 100
25 80 88
25 81 13
26 27 38
26 28 64
26 29 28
26 30 97
26 31 85
26 32 100
26 33 87
26 34 60
26 35 70
26 36 8
26 37 16
26 38 64
26 39 91
26 40 80
26 41 28
26 42 78
26 43 4
26 44 55
26 45 28
26 46 36
26 47 46
26 48 71
26 49 16
26 50 77
26 51 77
26 52 26
26 53 3
26 54 97
26 55 19
26 56 48
26 57 28
26 58 35
26 59 48
26 60 45
26 61 6
26 62 9
26 63 91
26 64 35
26 65 58
26 66 5
26 67 32
26 68 74
26 69 20
26 70 88
26 71 3
26 72 29
26 73 55
26 74 91
26 75 17
26 76 41
26 77 79
26 78 73
26 79 3
26 80 75
26 81 83
27 28 53
27 29 27
27 30 84
27 31 61
27 32 73
27 33 43
27 34 59
27 35 56
27 36 0
27 37 6
27 38 93
27 39 23
27 40 78
27 41 38
27 42 32
27 43 2
27 44 39
27 45 30
27 46 98
27 47 51
27 48 17
27 49 58
27 50 37
27 51 30
27 52 94
27 53 14
27 54 64
27 55 33
27 56 7
27 57 31
27 58 82
27 59 81
27 60 100
27 61 89
27 62 68
27 63 2
27 64 60
27 65 98
27 66 81
27 67 8
27 68 28
27 69 96
27 70 65
27 71 42
27 72 41
27 73 26
27 74 59
27 75 10
27 76 28
27 77 38
27 78 26
27 79 1
27 80 67
27 81 58
28 29 53
28 30 1
28 31 8
28 32 22
28 33 100
28 34 47
28 35 54
28 36 54
28 37 87
28 38 2
28 39 41
28 40 18
28 41 10
28 42 1
28 43 94
28 44 19
28 45 7
28 46 47
28 47 89
28 48 74
28 49 30
28 50 96
28 51 9
28 52 54
28 53 47
28 54 63
28 55 53
28 56 55
28 57 24
28 58 5
28 59 52
28 60 47
28 61 55
28 62 91
28 63 86
28 64 0
28 65 45
28 66 42
28 67 81
28 68 74
28 69 16
28 70 85
28 71 76
28 72 53
28 73 84
28 74 44
28 75 36
28 76 26
28 77 5
28 78 38
28 79 19
28 80 14
28 81 9
29 30 44
29 31 100
29 32 75
29 33 68
29 34 99
29 35 89
29 36 91
29 37 84
29 38 55
29 39 87
29 40 63
29 41 90
29 42 45
29 43 63
29 44 55
29 45 55
29 46 29
29 47 20
29 48 35
29 49 46
29 50 41
29 51 52
29 52 68
29 53 19
29 54 88
29 55 36
29 56 40
29 57 97
29 58 7
29 59 32
29 60 50
29 61 86
29 62 10
29 63 27
29 64 10
29 65 36
29 66 56
29 67 18
29 68 79
29 69 59
29 70 17
29 71 57
29 72 85
29 73 12
29 74 17
29 75 44
29 76 22
29 77 62
29 78 14
29 79 24
29 80 65
29 81 35
30 31 59
30 32 32
30 33 72
30 34 37
30 35 49
30 36 19
30 37 63
30 38 75
30 39 43
30 40 45
30 41 92
30 42 50
30 43 43
30 44 3
30 45 74
30 46 25
30 47 87
30 48 68
30 49 78
30 50 66
30 51 20
30 52 63
30 53 85
30 54 96
30 55 42
30 56 12
30 57 79
30 58 80
30 59 60
30 60 0
30 61 89
30 62 17
30 63 55
30 64 80
30 65 92
30 66 62
30 67 60
30 68 16
30 69 48
30 70 74
30 71 69
30 72 41
30 73 1
30 74 61
30 75 92
30 76 24
30 77 100
30 78 28
30 79 81
30 80 30
30 81 9
31 32 52
31 33 38
31 34 82
31 35 0
31 36 2
31 37 18
31 38 40
31 39 35
31 40 72
31 41 91
31 42 17
31 43 8
31 44 79
31 45 27
31 46 11
31 47 55
31 48 54
31 49 90
31 50 52
31 51 58
31 52 88
31 53 85
31 54 5
31 55 38
31 56 60
31 57 31
31 58 29
31 59 68
31 60 3
31 61 11
31 62 82
31 63 11
31 64 96
31 65 57
31 66 35
31 67 24
31 68 81
31 69 37
31 70 80
31 71 56
31 72 67
31 73 10
31 74 12
31 75 91
31 76 41
31 77 81
31 78 4
31 79 16
31 80 69
31 81 12
32 33 0
32 34 68
32 35 76
32 36 54
32 37 46
32 38 80
32 39 34
32 40 44
32 41 24
32 42 1
32 43 83
32 44 60
32 45 31
32 46 99
32 47 75
32 48 10
32 49 73
32 50 26
32 51 97
32 52 17
32 53 66
32 54 78
32 55 91
32 56 64
32 57 61
32 58 45
32 59 34
32 60 41
32 61 29
32 62 38
32 63 65
32 64 45
32 65 92
32 66 85
32 67 43
32 68 55
32 69 66
32 70 27
32 71 64
32 72 88
32 73 81
32 74 44
32 75 8
32 76 63
32 77 37
32 78 8
32 79 95
32 80 69
32 81 60
33 34 94
33 35 39
33 36 94
33 37 45
33 38 64
33 39 4
33 40 88
33 41 45
33 42 44
33 43 35
33 44 93
33 45 32
33 46 97
33 47 78
33 48 90
33 49 69
33 50 53
33 51 61
33 52 1
33 53 41
33 54 53
33 55 19
33 56 18
33 57 73
33 58 64
33 59 22
33 60 1
33 61 26
33 62 69
33 63 13
33 64 23
33 65 23
33 66 46
33 67 75
33 68 73
33 69 32
33 70 84
33 71 64
33 72 33
33 73 1
33 74 86
33 75 24
33 76 7
33 77 15
33 78 24
33 79 66
33 80 38
33 81 80
34 35 25
34 36 21
34 37 68
34 38 80
34 39 2
34 40 76
34 41 0
34 42 64
34 43 54
34 44 34
34 45 52
34 46 47
34 47 36
34 48 55
34 49 56
34 50 48
34 51 94
34 52 28
34 53 24
34 54 73
34 55 62
34 56 14
34 57 87
34 58 44
34 59 97
34 60 76
34 61 4
34 62 99
34 63 7
34 64 58
34 65 39
34 66 38
34 67 69
34 68 42
34 69 48
34 70 34
34 71 9
34 72 44
34 73 88
34 74 78
34 75 96
34 76 12
34 77 91
34 78 74
34 79 67
34 80 58
34 81 55
35 36 5
35 37 48
35 38 77
35 39 63
35 40 98
35 41 55
35 42 68
35 43 18
35 44 56
35 45 10
35 46 45
35 47 81
35 48 29
35 49 46
35 50 100
35 51 32
35 52 92
35 53 8
35 54 9
35 55 84
35 56 65
35 57 49
35 58 81
35 59 49
35 60 87
35 61 60
35 62 91
35 63 16
35 64 72
35 65 1
35 66 9
35 67 26
35 68 45
35 69 4
35 70 75
35 71 33
35 72 81
35 73 9
35 74 41
35 75 8
35 76 10
35 77 80
35 78 0
35 79 22
35 80 16
35 81 48
36 37 83
36 38 73
36 39 87
36 40 49
36 41 99
36 42 39
36 43 79
36 44 55
36 45 11
36 46 61
36 47 42
36 48 24
36 49 49
36 50 93
36 51 45
36 52 98
36 53 63
36 54 20
36 55 74
36 56 95
36 57 100
36 58 24
36 59 12
36 60 39
36 61 0
36 62 99
36 63 75
36 64 36
36 65 4
36 66 90
36 67 88
36 68 79
36 69 21
36 70 55
36 71 97
36 72 78
36 73 34
36 74 25
36 75 32
36 76 28
36 77 72
36 78 1
36 79 29
36 80 65
36 81 52
37 38 17
37 39 31
37 40 4
37 41 100
37 42 9
37 43 82
37 44 38
37 45 68
37 46 10
37 47 98
37 48 76
37 49 2
37 50 28
37 51 84
37 52 40
37 53 9
37 54 14
37 55 66
37 56 12
37 57 80
37 58 14
37 59 91
37 60 20
37 61 24
37 62 26
37 63 77
37 64 3
37 65 46
37 66 81
37 67 35
37 68 12
37 69 60
37 70 41
37 71 23
37 72 93
37 73 95
37 74 90
37 75 75
37 76 87
37 77 5
37 78 96
37 79 54
37 80 16
37 81 64
38 39 59
38 40 12
38 41 44
38 42 77
38 43 71
38 44 34
38 45 81
38 46 74
38 47 80
38 48 99
38 49 43
38 50 42
38 51 64
38 52 57
38 53 90
38 54 90
38 55 88
38 56 44
38 57 42
38 58 67
38 59 60
38 60 28
38 61 0
38 62 7
38 63 39
38 64 8
38 65 78
38 66 76
38 67 49
38 68 21
38 69 1
38 70 50
38 71 65
38 72 77
38 73 34
38 74 0
38 75 97
38 76 44
38 77 65
38 78 3
38 79 74
38 80 4
38 81 37
39 40 29
39 41 25
39 42 44
39 43 29
39 44 0
39 45 62
39 46 85
39 47 52
39 48 80
39 49 95
39 50 99
39 51 11
39 52 10
39 53 93
39 54 87
39 55 58
39 56 62
39 57 56
39 58 79
39 59 51
39 60 15
39 61 30
39 62 51
39 63 18
39 64 83
39 65 26
39 66 33
39 67 40
39 68 21
39 69 87
39 70 73
39 71 54
39 72 48
39 73 84
39 74 94
39 75 35
39 76 44
39 77 52
39 78 7
39 79 49
39 80 3
39 81 5
40 41 20
40 42 16
40 43 67
40 44 88
40 45 22
40 46 26
40 47 50
40 48 53
40 49 60
40 50 12
40 51 90
40 52 76
40 53 44
40 54 29
40 55 85
40 56 33
40 57 92
40 58 9
40 59 79
40 60 93
40 61 97
40 62 53
40 63 99
40 64 13
40 65 100
40 66 67
40 67 75
40 68 92
40 69 4
40 70 25
40 71 95
40 72 53
40 73 31
40 74 87
40 75 64
40 76 15
40 77 76
40 78 92
40 79 95
40 80 61
40 81 82
41 42 88
41 43 57
41 44 83
41 45 91
41 46 42
41 47 28
41 48 67
41 49 60
41 50 29
41 51 85
41 52 55
41 53 44
41 54 20
41 55 18
41 56 85
41 57 49
41 58 91
41 59 77
41 60 77
41 61 47
41 62 75
41 63 4
41 64 58
41 65 61
41 66 46
41 67 31
41 68 44
41 69 3
41 70 69
41 71 21
41 72 58
41 73 55
41 74 25
41 75 94
41 76 94
41 77 67
41 78 0
41 79 90
41 80 67
41 81 46
42 43 34
42 44 4
42 45 45
42 46 76
42 47 93
42 48 26
42 49 14
42 50 59
42 51 2
42 52 64
42 53 13
42 54 56
42 55 21
42 56 91
42 57 64
42 58 63
42 59 1
42 60 60
42 61 31
42 62 93
42 63 80
42 64 29
42 65 70
42 66 89
42 67 81
42 68 32
42 69 31
42 70 32
42 71 60
42 72 74
42 73 28
42 74 57
42 75 16
42 76 50
42 77 60
42 78 1
42 79 7
42 80 89
42 81 92
43 44 73
43 45 68
43 46 49
43 47 79
43 48 22
43 49 12
43 50 96
43 51 38
43 52 48
43 53 86
43 54 36
43 55 100
43 56 9
43 57 43
43 58 4
43 59 18
43 60 11
43 61 6
43 62 21
43 63 45
43 64 48
43 65 78
43 66 32
43 67 50
43 68 30
43 69 29
43 70 37
43 71 79
43 72 92
43 73 60
43 74 93
43 75 15
43 76 85
43 77 11
43 78 75
43 79 1
43 80 78
43 81 96
44 45 87
44 46 31
44 47 56
44 48 66
44 49 66
44 50 33
44 51 38
44 52 19
44 53 5
44 54 99
44 55 91
44 56 45
44 57 80
44 58 97
44 59 37
44 60 29
44 61 95
44 62 71
44 63 83
44 64 68
44 65 6
44 66 42
44 67 26
44 68 39
44 69 99
44 70 92
44 71 87
44 72 46
44 73 26
44 74 78
44 75 15
44 76 78
44 77 56
44 78 52
44 79 68
44 80 0
44 81 94
45 46 69
45 47 9
45 48 75
45 49 16
45 50 69
45 51 48
45 52 2
45 53 32
45 54 33
45 55 31
45 56 66
45 57 5
45 58 36
45 59 91
45 60 83
45 61 2
45 62 47
45 63 7
45 64 75
45 65 96
45 66 30
45 67 55
45 68 64
45 69 66
45 70 78
45 71 43
45 72 0
45 73 45
45 74 63
45 75 12
45 76 56
45 77 84
45 78 4
45 79 93
45 80 11
45 81 52
46 47 17
46 48 76
46 49 75
46 50 48
46 51 48
46 52 97
46 53 53
46 54 5
46 55 41
46 56 31
46 57 18
46 58 4
46 59 98
46 60 81
46 61 88
46 62 77
46 63 97
46 64 3
46 65 87
46 66 4
46 67 20
46 68 13
46 69 40
46 70 55
46 71 45
46 72 22
46 73 42
46 74 64
46 75 38
46 76 96
46 77 88
46 78 54
46 79 39
46 80 74
46 81 64
47 48 4
47 49 97
47 50 76
47 51 41
47 52 55
47 53 40
47 54 91
47 55 79
47 56 1
47 57 84
47 58 79
47 59 37
47 60 72
47 61 35
47 62 70
47 63 24
47 64 42
47 65 31
47 66 2
47 67 98
47 68 65
47 69 75
47 70 14
47 71 59
47 72 82
47 73 66
47 74 81
47 75 99
47 76 47
47 77 38
47 78 37
47 79 32
47 80 30
47 81 40
48 49 20
48 50 23
48 51 44
48 52 89
48 53 97
48 54 59
48 55 72
48 56 23
48 57 100
48 58 42
48 59 95
48 60 90
48 61 7
48 62 86
48 63 3
48 64 18
48 65 10
48 66 36
48 67 77
48 68 72
48 69 79
48 70 36
48 71 34
48 72 20
48 73 17
48 74 35
48 75 89
48 76 36
48 77 57
48 78 12
48 79 32
48 80 42
48 81 89
49 50 14
49 51 82
49 52 19
49 53 56
49 54 57
49 55 94
49 56 16
49 57 13
49 58 17
49 59 36
49 60 24
49 61 60
49 62 58
49 63 24
49 64 64
49 65 97
49 66 27
49 67 18
49 68 92
49 69 3
49 70 75
49 71 13
49 72 28
49 73 42
49 74 10
49 75 75
49 76 44
49 77 60
49 78 24
49 79 25
49 80 88
49 81 30
50 51 76
50 52 81
50 53 67
50 54 18
50 55 68
50 56 29
50 57 72
50 58 79
50 59 22
50 60 55
50 61 57
50 62 56
50 63 31
50 64 9
50 65 48
50 66 22
50 67 100
50 68 18
50 69 32
50 70 52
50 71 19
50 72 28
50 73 75
50 74 46
50 75 97
50 76 59
50 77 32
50 78 8
50 79 56
50 80 17
50 81 75
51 52 86
51 53 60
51 54 38
51 55 57
51 56 65
51 57 17
51 58 32
51 59 79
51 60 64
51 61 100
51 62 26
51 63 60
51 64 24
51 65 87
51 66 47
51 67 41
51 68 81
51 69 89
51 70 36
51 71 47
51 72 34
51 73 53
51 74 63
51 75 78
51 76 18
51 77 69
51 78 31
51 79 41
51 80 10
51 81 51
52 53 76
52 54 16
52 55 54
52 56 14
52 57 81
52 58 91
52 59 0
52 60 72
52 61 81
52 62 87
52 63 87
52 64 52
52 65 64
52 66 41
52 67 67
52 68 68
52 69 3
52 70 2
52 71 52
52 72 40
52 73 78
52 74 34
52 75 99
52 76 55
52 77 19
52 78 1
52 79 37
52 80 76
52 81 81
53 54 79
53 55 84
53 56 55
53 57 18
53 58 85
53 59 59
53 60 47
53 61 11
53 62 54
53 63 63
53 64 49
53 65 34
53 66 34
53 67 75
53 68 81
53 69 81
53 70 17
53 71 65
53 72 9
53 73 93
53 74 88
53 75 41
53 76 21
53 77 33
53 78 16
53 79 41
53 80 7
53 81 79
54 55 71
54 56 48
54 57 59
54 58 41
54 59 29
54 60 29
54 61 91
54 62 59
54 63 96
54 64 72
54 65 64
54 66 19
54 67 14
54 68 54
54 69 65
54 70 52
54 71 97
54 72 29
54 73 72
54 74 68
54 75 98
54 76 17
54 77 9
54 78 70
54 79 95
54 80 37
54 81 17
55 56 53
55 57 27
55 58 57
55 59 66
55 60 30
55 61 82
55 62 4
55 63 92
55 64 74
55 65 79
55 66 98
55 67 75
55 68 54
55 69 56
55 70 6
55 71 55
55 72 58
55 73 55
55 74 73
55 75 82
55 76 70
55 77 70
55 78 25
55 79 53
55 80 60
55 81 1
56 57 54
56 58 18
56 59 65
56 60 84
56 61 4
56 62 78
56 63 51
56 64 87
56 65 71
56 66 51
56 67 24
56 68 90
56 69 84
56 70 57
56 71 66
56 72 79
56 73 41
56 74 12
56 75 34
56 76 26
56 77 95
56 78 47
56 79 76
56 80 25
56 81 46
57 58 84
57 59 21
57 60 57
57 61 1
57 62 6
57 63 99
57 64 45
57 65 55
57 66 96
57 67 93
57 68 94
57 69 94
57 70 95
57 71 18
57 72 4
57 73 45
57 74 77
57 75 65
57 76 45
57 77 39
57 78 4
57 79 74
57 80 33
57 81 72
58 59 29
58 60 78
58 61 18
58 62 54
58 63 91
58 64 53
58 65 79
58 66 15
58 67 37
58 68 97
58 69 41
58 70 97
58 71 2
58 72 14
58 73 25
58 74 74
58 75 95
58 76 65
58 77 49
58 78 96
58 79 49
58 80 29
58 81 75
59 60 30
59 61 7
59 62 59
59 63 44
59 64 72
59 65 70
59 66 63
59 67 87
59 68 6
59 69 92
59 70 90
59 71 51
59 72 4
59 73 19
59 74 28
59 75 0
59 76 66
59 77 89
59 78 30
59 79 32
59 80 17
59 81 79
60 61 24
60 62 26
60 63 63
60 64 16
60 65 6
60 66 42
60 67 70
60 68 79
60 69 18
60 70 12
60 71 93
60 72 76
60 73 28
60 74 3
60 75 23
60 76 99
60 77 47
60 78 91
60 79 50
60 80 9
60 81 90
61 62 32
61 63 42
61 64 85
61 65 33
61 66 41
61 67 6
61 68 66
61 69 80
61 70 21
61 71 14
61 72 72
61 73 90
61 74 80
61 75 66
61 76 14
61 77 54
61 78 86
61 79 59
61 80 10
61 81 97
62 63 92
62 64 9
62 65 43
62 66 5
62 67 67
62 68 97
62 69 21
62 70 24
62 71 66
62 72 93
62 73 93
62 74 50
62 75 89
62 76 88
62 77 9
62 78 48
62 79 65
62 80 97
62 81 84
63 64 89
63 65 38
63 66 4
63 67 6
63 68 19
63 69 53
63 70 25
63 71 18
63 72 52
63 73 41
63 74 71
63 75 67
63 76 76
63 77 68
63 78 22
63 79 46
63 80 74
63 81 8
64 65 23
64 66 78
64 67 75
64 68 54
64 69 26
64 70 0
64 71 90
64 72 47
64 73 67
64 74 78
64 75 81
64 76 6
64 77 88
64 78 87
64 79 16
64 80 41
64 81 62
65 66 40
65 67 67
65 68 91
65 69 50
65 70 33
65 71 70
65 72 20
65 73 22
65 74 88
65 75 55
65 76 57
65 77 67
65 78 1
65 79 72
65 80 18
65 81 25
66 67 61
66 68 26
66 69 13
66 70 63
66 71 76
66 72 48
66 73 40
66 74 45
66 75 34
66 76 4
66 77 1
66 78 83
66 79 4
66 80 63
66 81 73
67 68 63
67 69 81
67 70 88
67 71 15
67 72 100
67 73 50
67 74 20
67 75 60
67 76 12
67 77 85
67 78 14
67 79 93
67 80 79
67 81 12
68 69 82
68 70 24
68 71 10
68 72 47
68 73 47
68 74 91
68 75 59
68 76 37
68 77 76
68 78 12
68 79 46
68 80 35
68 81 9
69 70 36
69 71 23
69 72 28
69 73 88
69 74 71
69 75 87
69 76 98
69 77 42
69 78 74
69 79 48
69 80 87
69 81 8
70 71 8
70 72 35
70 73 66
70 74 50
70 75 70
70 76 2
70 77 59
70 78 6
70 79 87
70 80 82
70 81 73
71 72 8
71 73 17
71 74 62
71 75 63
71 76 27
71 77 18
71 78 93
71 79 59
71 80 90
71 81 34
72 73 43
72 74 88
72 75 52
72 76 7
72 77 77
72 78 38
72 79 60
72 80 82
72 81 45
73 74 26
73 75 49
73 76 16
73 77 10
73 78 31
73 79 20
73 80 20
73 81 66
74 75 80
74 76 24
74 77 54
74 78 1
74 79 16
74 80 64
74 81 70
75 76 44
75 77 95
75 78 10
75 79 47
75 80 41
75 81 0
76 77 23
76 78 41
76 79 21
76 80 45
76 81 88
77 78 94
77 79 7
77 80 18
77 81 81
78 79 76
78 80 6
78 81 56
79 80 97
79 81 18
80 81 79
