83 3403
1 2 54
1 3 6
1 4 26
1 5 48
1 6 4
1 7 72
1 8 86
1 9 17
1 10 43
1 11 82
1 12 7
1 13 79
1 14 16
1 15 54
1 16 37
1 17 38
1 18 46
1 19 79
1 20 60
1 21 94
1 22 68
1 23 74
1 24 28
1 25 71
1 26 31
1 27 100
1 28 95
1 29 72
1 30 29
1 31 75
1 32 55
1 33 51
1 34 30
1 35 29
1 36 74
1 37 4
1 38 16
1 39 31
1 40 22
1 41 42
1 42 80
1 43 94
1 44 55
1 45 0
1 46 97
1 47 97
1 48 93
1 49 85
1 50 93
1 51 48
1 52 16
1 53 33
1 54 13
1 55 95
1 56 22
1 57 55
1 58 25
1 59 100
1 60 1
1 61 84
1 62 9
1 63 46
1 64 88
1 65 25
1 66 24
1 67 87
1 68 92
1 69 47
1 70 42
1 71 95
1 72 45
1 73 75
1 74 5
1 75 18
1 76 10
1 77 68
1 78 95
1 79 75
1 80 82
1 81 69
1 82 88
1 83 56
2 3 98
2 4 33
2 5 77
2 6 73
2 7 62
2 8 13
2 9 46
2 10 70
2 11 1
2 12 37
2 13 54
2 14 95
2 15 69
2 16 15
2 17 29
2 18 45
2 19 34
2 20 67
2 21 80
2 22 85
2 23 0
2 24 60
2 25 90
2 26 97
2 27 2
2 28 70
2 29 94
2 30 11
2 31 81
2 32 91
2 33 3
2 34 4
2 35 82
2 36 1
2 37 56
2 38 13
2 39 100
2 40 49
2 41 8
2 42 92
2 43 81
2 44 57
2 45 98
2 46 36
2 47 88
2 48 71
2 49 44
2 50 100
2 51 24
2 52 17
2 53 4
2 54 85
2 55 14
2 56 9
2 57 6
2 58 89
2 59 5
2 60 60
2 61 55
2 62 58
2 63 85
2 64 46
2 65 30
2 66 35
2 67 18
2 68 83
2 69 74
2 70 26
2 71 52
2 72 56
2 73 73
2 74 8
2 75 29
2 76 20
2 77 91
2 78 50
2 79 60
2 80 40
2 81 57
2 82 23
2 83 91
3 4 74
3 5 10
3 6 34
3 7 88
3 8 81
3 9 70
3 10 47
3 11 36
3 12 54
3 13 20
3 14 0
3 15 29
3 16 35
3 17 39
3 18 78
3 19 47
3 20 0
3 21 91
3 22 29
3 23 11
3 24 73
3 25 91
3 26 85
3 27 46
3 28 75
3 29 79
3 30 53
3 31 59
3 32 21
3 33 4
3 34 90
3 35 25
3 36 58
3 37 12
3 38 11
3 39 79
3 40 8
3 41 44
3 42 25
3 43 33
3 44 32
3 45 28
3 46 14
3 47 42
3 48 73
3 49 85
3 50 56
3 51 70
3 52 19
3 53 88
3 54 84
3 55 3
3 56 22
3 57 87
3 58 14
3 59 30
3 60 43
3 61 27
3 62 94
3 63 9
3 64 95
3 65 9
3 66 63
3 67 78
3 68 1
3 69 88
3 70 71
3 71 61
3 72 17
3 73 84
3 74 29
3 75 35
3 76 25
3 77 64
3 78 96
3 79 18
3 80 99
3 81 48
3 82 66
3 83 55
4 5 65
4 6 52
4 7 15
4 8 1
4 9 5
4 10 17
4 11 23
4 12 57
4 13 46
4 14 91
4 15 36
4 16 19
4 17 60
4 18 46
4 19 67
4 20 75
4 21 31
4 22 31
4 23 6
4 24 45
4 25 96
4 26 57
4 27 4
4 28 40
4 29 6
4 30 59
4 31 29
4 32 89
4 33 45
4 34 19
4 35 15
4 36 66
4 37 88
4 38 24
4 39 56
4 40 17
4 41 40
4 42 66
4 43 69
4 44 26
4 45 34
4 46 8
4 47 32
4 48 69
4 49 49
4 50 71
4 51 71
4 52 59
4 53 95
4 54 74
4 55 72
4 56 10
4 57 50
4 58 96
4 59 51
4 60 43
4 61 12
4 62 10
4 63 22
4 64 38
4 65 69
4 66 49
4 67 19
4 68 7
4 69 4
4 70 22
4 71 67
4 72 29
4 73 36
4 74 15
4 75 70
4 76 81
4 77 62
4 78 4
4 79 40
4 80 44
4 81 54
4 82 38
4 83 81
5 6 34
5 7 65
5 8 37
5 9 4
5 10 2
5 11 49
5 12 40
5 13 81
5 14 46
5 15 90
5 16 88
5 17 82
5 18 59
5 19 98
5 20 0
5 21 46
5 22 66
5 23 96
5 24 16
5 25 88
5 26 1
5 27 33
5 28 78
5 29 74
5 30 76
5 31 47
5 32 16
5 33 19
5 34 93
5 35 95
5 36 82
5 37 9
5 38 40
5 39 6
5 40 67
5 41 17
5 42 6
5 43 69
5 44 31
5 45 83
5 46 98
5 47 90
5 48 24
5 49 83
5 50 32
5 51 23
5 52 10
5 53 0
5 54 78
5 55 6
5 56 73
5 57 13
5 58 85
5 59 52
5 60 77
5 61 2
5 62 28
5 63 86
5 64 8
5 65 0
5 66 63
5 67 62
5 68 22
5 69 2
5 70 22
5 71 0
5 72 73
5 73 2
5 74 25
5 75 25
5 76 28
5 77 65
5 78 62
5 79 52
5 80 88
5 81 98
5 82 96
5 83 38
6 7 70
6 8 3
6 9 4
6 10 68
6 11 12
6 12 78
6 13 20
6 14 81
6 15 59
6 16 12
6 17 8
6 18 37
6 19 41
6 20 86
6 21 84
6 22 49
6 23 19
6 24 29
6 25 42
6 26 42
6 27 57
6 28 41
6 29 45
6 30 27
6 31 93
6 32 40
6 33 60
6 34 27
6 35 47
6 36 25
6 37 30
6 38 1
6 39 20
6 40 8
6 41 72
6 42 16
6 43 6
6 44 72
6 45 40
6 46 72
6 47 85
6 48 6
6 49 12
6 50 72
6 51 49
6 52 27
6 53 94
6 54 50
6 55 32
6 56 82
6 57 3
6 58 29
6 59 87
6 60 9
6 61 68
6 62 58
6 63 22
6 64 52
6 65 49
6 66 18
6 67 88
6 68 18
6 69 60
6 70 39
6 71 63
6 72 90
6 73 93
6 74 79
6 75 80
6 76 88
6 77 72
6 78 35
6 79 75
6 80 4
6 81 89
6 82 78
6 83 35
7 8 36
7 9 56
7 10 82
7 11 65
7 12 92
7 13 19
7 14 63
7 15 64
7 16 0
7 17 18
7 18 4
7 19 93
7 20 52
7 21 41
7 22 78
7 23 51
7 24 68
7 25 85
7 26 18
7 27 83
7 28 23
7 29 71
7 30 63
7 31 45
7 32 73
7 33 43
7 34 85
7 35 58
7 36 1
7 37 70
7 38 66
7 39 53
7 40 96
7 41 76
7 42 66
7 43 23
7 44 72
7 45 42
7 46 6
7 47 41
7 48 51
7 49 27
7 50 13
7 51 35
7 52 70
7 53 30
7 54 92
7 55 27
7 56 90
7 57 30
7 58 69
7 59 20
7 60 98
7 61 41
7 62 86
7 63 49
7 64 97
7 65 86
7 66 82
7 67 62
7 68 97
7 69 46
7 70 48
7 71 95
7 72 49
7 73 39
7 74 88
7 75 78
7 76 87
7 77 86
7 78 85
7 79 69
7 80 97
7 81 19
7 82 46
7 83 52
8 9 13
8 10 86
8 11 100
8 12 97
8 13 68
8 14 89
8 15 96
8 16 27
8 17 71
8 18 39
8 19 15
8 20 44
8 21 93
8 22 55
8 23 56
8 24 12
8 25 31
8 26 4
8 27 10
8 28 54
8 29 6
8 30 39
8 31 41
8 32 20
8 33 20
8 34 56
8 35 35
8 36 79
8 37 90
8 38 89
8 39 9
8 40 74
8 41 69
8 42 100
8 43 58
8 44 59
8 45 36
8 46 57
8 47 30
8 48 11
8 49 33
8 50 23
8 51 23
8 52 19
8 53 20
8 54 50
8 55 99
8 56 0
8 57 85
8 58 19
8 59 2
8 60 34
8 61 2
8 62 80
8 63 65
8 64 59
8 65 20
8 66 44
8 67 11
8 68 81
8 69 22
8 70 96
8 71 12
8 72 37
8 73 95
8 74 24
8 75 39
8 76 73
8 77 93
8 78 72
8 79 81
8 80 54
8 81 94
8 82 66
8 83 10
9 10 93
9 11 91
9 12 84
9 13 84
9 14 77
9 15 10
9 16 11
9 17 11
9 18 22
9 19 54
9 20 74
9 21 17
9 22 45
9 23 86
9 24 42
9 25 88
9 26 54
9 27 82
9 28 54
9 29 97
9 30 9
9 31 19
9 32 13
9 33 57
9 34 16
9 35 53
9 36 19
9 37 76
9 38 68
9 39 9
9 40 84
9 41 60
9 42 65
9 43 84
9 44 33
9 45 95
9 46 23
9 47 13
9 48 29
9 49 57
9 50 35
9 51 12
9 52 1
9 53 26
9 54 33
9 55 56
9 56 12
9 57 97
9 58 22
9 59 55
9 60 0
9 61 44
9 62 5
9 63 37
9 64 5
9 65 98
9 66 56
9 67 89
9 68 8
9 69 37
9 70 36
9 71 40
9 72 14
9 73 89
9 74 64
9 75 70
9 76 41
9 77 12
9 78 59
9 79 78
9 80 48
9 81 32
9 82 91
9 83 57
10 11 50
10 12 5
10 13 42
10 14 19
10 15 60
10 16 40
10 17 21
10 18 7
10 19 72
10 20 68
10 21 93
10 22 94
10 23 6
10 24 15
10 25 51
10 26 13
10 27 50
10 28 30
10 29 92
10 30 23
10 31 53
10 32 49
10 33 48
10 34 95
10 35 66
10 36 74
10 37 47
10 38 8
10 39 25
10 40 95
10 41 61
10 42 30
10 43 27
10 44 89
10 45 39
10 46 7
10 47 96
10 48 60
10 49 38
10 50 99
10 51 25
10 52 71
10 53 39
10 54 15
10 55 31
10 56 11
10 57 95
10 58 39
10 59 80
10 60 78
10 61 84
10 62 63
10 63 50
10 64 71
10 65 33
10 66 42
10 67 28
10 68 40
10 69 84
10 70 21
10 71 29
10 72 98
10 73 82
10 74 5
10 75 0
10 76 80
10 77 87
10 78 36
10 79 9
10 80 38
10 81 4
10 82 83
10 83 29
11 12 96
11 13 98
11 14 54
11 15 92
11 16 87
11 17 64
11 18 70
11 19 84
11 20 37
11 21 76
11 22 73
11 23 94
11 24 36
11 25 87
11 26 39
11 27 28
11 28 39
11 29 2
11 30 60
11 31 25
11 32 8
11 33 51
11 34 44
11 35 42
11 36 4
11 37 3
11 38 50
11 39 20
11 40 21
11 41 33
11 42 45
11 43 27
11 44 64
11 45 48
11 46 34
11 47 61
11 48 78
11 49 41
11 50 27
11 51 6
11 52 8
11 53 57
11 54 19
11 55 53
11 56 83
11 57 53
11 58 9
11 59 89
11 60 6
11 61 59
11 62 68
11 63 29
11 64 33
11 65 77
11 66 52
11 67 78
11 68 39
11 69 5
11 70 58
11 71 96
11 72 71
11 73 48
11 74 71
11 75 77
11 76 100
11 77 57
11 78 9
11 79 37
11 80 20
11 81 46
11 82 14
11 83 64
12 13 11
12 14 73
12 15 27
12 16 47
12 17 55
12 18 14
12 19 48
12 20 38
12 21 39
12 22 15
12 23 90
12 24 100
12 25 62
12 26 13
12 27 8
12 28 61
12 29 55
12 30 46
12 31 14
12 32 62
12 33 88
12 34 72
12 35 25
12 36 71
12 37 56
12 38 57
12 39 95
12 40 91
12 41 9
12 42 28
12 43 64
12 44 60
12 45 48
12 46 82
12 47 75
12 48 89
12 49 44
12 50 28
12 51 54
12 52 56
12 53 41
12 54 51
12 55 84
12 56 6
12 57 28
12 58 77
12 59 95
12 60 96
12 61 33
12 62 6
12 63 60
12 64 50
12 65 98
12 66 5
12 67 14
12 68 13
12 69 60
12 70 41
12 71 78
12 72 95
12 73 41
12 74 76
12 75 56
12 76 86
12 77 20
12 78 11
12 79 88
12 80 66
12 81 92
12 82 19
12 83 67
13 14 48
13 15 54
13 16 69
13 17 94
13 18 89
13 19 13
13 20 83
13 21 56
13 22 64
13 23 85
13 24 77
13 25 33
13 26 71
13 27 31
13 28 87
13 29 91
13 30 25
13 31 40
13 32 20
13 33 74
13 34 98
13 35 83
13 36 35
13 37 29
13 38 27
13 39 68
13 40 80
13 41 27
13 42 96
13 43 5
13 44 99
13 45 85
13 46 75
13 47 55
13 48 74
13 49 76
13 50 44
13 51 23
13 52 17
13 53 30
13 54 100
13 55 31
13 56 59
13 57 34
13 58 78
13 59 75
13 60 99
13 61 58
13 62 39
13 63 1
13 64 6
13 65 75
13 66 25
13 67 53
13 68 4
13 69 81
13 70 7
13 71 45
13 72 36
13 73 12
13 74 44
13 75 67
13 76 51
13 77 29
13 78 47
13 79 16
13 80 12
13 81 66
13 82 75
13 83 5
14 15 81
14 16 14
14 17 50
14 18 69
14 19 97
14 20 21
14 21 85
14 22 31
14 23 56
14 24 8
14 25 58
14 26 44
14 27 34
14 28 6
14 29 43
14 30 24
14 31 52
14 32 26
14 33 70
14 34 5
14 35 1
14 36 1
14 37 97
14 38 27
14 39 14
14 40 53
14 41 77
14 42 10
14 43 98
14 44 98
14 45 62
14 46 49
14 47 69
14 48 96
14 49 71
14 50 2
14 51 79
14 52 44
14 53 61
14 54 29
14 55 12
14 56 89
14 57 23
14 58 86
14 59 24
14 60 60
14 61 84
14 62 53
14 63 66
14 64 25
14 65 9
14 66 30
14 67 37
14 68 45
14 69 47
14 70 52
14 71 54
14 72 87
14 73 33
14 74 85
14 75 93
14 76 5
14 77 83
14 78 68
14 79 47
14 80 53
14 81 30
14 82 75
14 83 86
15 16 29
15 17 29
15 18 90
15 19 67
15 20 99
15 21 90
15 22 84
15 23 95
15 24 13
15 25 80
15 26 27
15 27 73
15 28 43
15 29 91
15 30 8
15 31 100
15 32 1
15 33 19
15 34 1
15 35 51
15 36 69
15 37 19
15 38 4
15 39 40
15 40 34
15 41 49
15 42 34
15 43 66
15 44 13
15 45 43
15 46 40
15 47 8
15 48 89
15 49 55
15 50 59
15 51 99
15 52 8
15 53 11
15 54 94
15 55 17
15 56 1
15 57 86
15 58 72
15 59 40
15 60 59
15 61 37
15 62 85
15 63 41
15 64 32
15 65 84
15 66 22
15 67 58
15 68 69
15 69 31
15 70 19
15 71 65
15 72 17
15 73 41
15 74 18
15 75 59
15 76 21
15 77 74
15 78 39
15 79 1
15 80 13
15 81 3
15 82 40
15 83 41
16 17 62
16 18 76
16 19 20
16 20 34
16 21 38
16 22 56
16 23 48
16 24 6
16 25 38
16 26 53
16 27 81
16 28 71
16 29 40
16 30 51
16 31 70
16 32 96
16 33 79
16 34 8
16 35 62
16 36 5
16 37 12
16 38 64
16 39 40
16 40 67
16 41 64
16 42 77
16 43 0
16 44 6
16 45 38
16 46 23
16 47 22
16 48 26
16 49 70
16 50 11
16 51 38
16 52 55
16 53 88
16 54 57
16 55 92
16 56 86
16 57 54
16 58 68
16 59 6
16 60 28
16 61 25
16 62 54
16 63 44
16 64 70
16 65 64
16 66 59
16 67 16
16 68 69
16 69 31
16 70 43
16 71 31
16 72 36
16 73 17
16 74 62
16 75 98
16 76 64
16 77 98
16 78 26
16 79 47
16 80 46
16 81 33
16 82 88
16 83 30
17 18 40
17 19 41
17 20 83
17 21 39
17 22 72
17 23 90
17 24 82
17 25 48
17 26 44
17 27 35
17 28 92
17 29 64
17 30 69
17 31 66
17 32 14
17 33 70
17 34 40
17 35 55
17 36 40
17 37 3
17 38 75
17 39 96
17 40 87
17 41 40
17 42 39
17 43 37
17 44 52
17 45 40
17 46 16
17 47 15
17 48 17
17 49 6
17 50 38
17 51 86
17 52 43
17 53 82
17 54 40
17 55 1
17 56 25
17 57 45
17 58 52
17 59 66
17 60 11
17 61 23
17 62 37
17 63 39
17 64 76
17 65 84
17 66 7
17 67 42
17 68 95
17 69 47
17 70 30
17 71 36
17 72 40
17 73 64
17 74 53
17 75 82
17 76 81
17 77 4
17 78 83
17 79 40
17 80 34
17 81 20
17 82 11
17 83 95
18 19 62
18 20 20
18 21 70
18 22 26
18 23 56
18 24 91
18 25 97
18 26 80
18 27 89
18 28 25
18 29 19
18 30 1
18 31 6
18 32 91
18 33 28
18 34 3
18 35 14
18 36 9
18 37 18
18 38 51
18 39 87
18 40 15
18 41 75
18 42 49
18 43 33
18 44 63
18 45 65
18 46 11
18 47 73
18 48 97
18 49 2
18 50 19
18 51 18
18 52 21
18 53 11
18 54 80
18 55 13
18 56 35
18 57 58
18 58 54
18 59 18
18 60 84
18 61 31
18 62 17
18 63 49
18 64 37
18 65 86
18 66 99
18 67 15
18 68 10
18 69 74
18 70 51
18 71 64
18 72 98
18 73 4
18 74 93
18 75 41
18 76 35
18 77 15
18 78 9
18 79 44
18 80 25
18 81 79
18 82 0
18 83 49
19 20 25
19 21 80
19 22 64
19 23 5
19 24 79
19 25 44
19 26 35
19 27 44
19 28 12
19 29 46
19 30 7
19 31 33
19 32 10
19 33 65
19 34 26
19 35 38
19 36 4
19 37 56
19 38 26
19 39 36
19 40 34
19 41 68
19 42 91
19 43 5
19 44 48
19 45 52
19 46 26
19 47 55
19 48 97
19 49 72
19 50 24
19 51 63
19 52 27
19 53 29
19 54 6
19 55 83
19 56 91
19 57 98
19 58 44
19 59 97
19 60 48
19 61 71
19 62 54
19 63 57
19 64 78
19 65 91
19 66 36
19 67 1
19 68 3
19 69 82
19 70 26
19 71 61
19 72 44
19 73 90
19 74 82
19 75 68
19 76 94
19 77 81
19 78 51
19 79 21
19 80 23
19 81 76
19 82 60
19 83 54
20 21 73
20 22 34
20 23 2
20 24 31
20 25 34
20 26 73
20 27 5
20 28 31
20 29 3
20 30 32
20 31 18
20 32 43
20 33 23
20 34 60
20 35 71
20 36 88
20 37 85
20 38 99
20 39 66
20 40 44
20 41 6
20 42 2
20 43 79
20 44 74
20 45 43
20 46 14
20 47 91
20 48 41
20 49 40
20 50 38
20 51 51
20 52 42
20 53 47
20 54 42
20 55 12
20 56 32
20 57 2
20 58 30
20 59 33
20 60 12
20 61 39
20 62 92
20 63 57
20 64 26
20 65 37
20 66 72
20 67 51
20 68 12
20 69 87
20 70 88
20 71 49
20 72 11
20 73 98
20 74 48
20 75 19
20 76 50
20 77 49
20 78 66
20 79 65
20 80 82
20 81 71
20 82 70
20 83 18
21 22 82
21 23 70
21 24 97
21 25 51
21 26 61
21 27 36
21 28 27
21 29 82
21 30 56
21 31 43
21 32 5
21 33 95
21 34 82
21 35 53
21 36 98
21 37 43
21 38 45
21 39 37
21 40 75
21 41 91
21 42 98
21 43 22
21 44 91
21 45 12
21 46 39
21 47 71
21 48 33
21 49 21
21 50 100
21 51 27
21 52 47
21 53 75
21 54 36
21 55 73
21 56 13
21 57 74
21 58 45
21 59 34
21 60 30
21 61 32
21 62 97
21 63 0
21 64 68
21 65 5
21 66 8
21 67 93
21 68 25
21 69 81
21 70 62
21 71 52
21 72 19
21 73 25
21 74 68
21 75 19
21 76 27
21 77 6
21 78 44
21 79 51
21 80 36
21 81 80
21 82 58
21 83 93
22 23 42
22 24 21
22 25 12
22 26 88
22 27 54
22 28 90
22 29 31
22 30 70
22 31 59
22 32 81
22 33 62
22 34 45
22 35 51
22 36 48
22 37 18
22 38 35
22 39 44
22 40 54
22 41 55
22 42 32
22 43 99
22 44 49
22 45 38
22 46 75
22 47 14
22 48 82
22 49 42
22 50 42
22 51 47
22 52 87
22 53 84
22 54 43
22 55 60
22 56 76
22 57 20
22 58 93
22 59 53
22 60 80
22 61 64
22 62 66
22 63 94
22 64 65
22 65 81
22 66 52
22 67 71
22 68 40
22 69 93
22 70 84
22 71 25
22 72 77
22 73 93
22 74 28
22 75 31
22 76 98
22 77 58
22 78 9
22 79 9
22 80 88
22 81 60
22 82 38
22 83 67
23 24 88
23 25 0
23 26 34
23 27 15
23 28 23
23 29 47
23 30 6
23 31 51
23 32 44
23 33 34
23 34 97
23 35 10
23 36 1
23 37 12
23 38 66
23 39 41
23 40 60
23 41 25
23 42 61
23 43 67
23 44 43
23 45 17
23 46 78
23 47 55
23 48 53
23 49 7
23 50 49
23 51 52
23 52 81
23 53 86
23 54 90
23 55 58
23 56 70
23 57 94
23 58 9
23 59 79
23 60 85
23 61 31
23 62 35
23 63 89
23 64 67
23 65 34
23 66 34
23 67 65
23 68 86
23 69 95
23 70 47
23 71 17
23 72 6
23 73 71
23 74 20
23 75 71
23 76 96
23 77 6
23 78 55
23 79 13
23 80 26
23 81 39
23 82 51
23 83 37
24 25 33
24 26 88
24 27 34
24 28 19
24 29 86
24 30 72
24 31 67
24 32 23
24 33 77
24 34 20
24 35 46
24 36 40
24 37 54
24 38 34
24 39 44
24 40 89
24 41 30
24 42 76
24 43 39
24 44 17
24 45 20
24 46 75
24 47 75
24 48 68
24 49 68
24 50 90
24 51 60
24 52 15
24 53 20
24 54 24
24 55 40
24 56 93
24 57 59
24 58 71
24 59 57
24 60 23
24 61 76
24 62 45
24 63 67
24 64 84
24 65 51
24 66 29
24 67 57
24 68 100
24 69 30
24 70 76
24 71 21
24 72 86
24 73 18
24 74 6
24 75 53
24 76 55
24 77 44
24 78 76
24 79 73
24 80 54
24 81 58
24 82 18
24 83 6
25 26 88
25 27 81
25 28 85
25 29 37
25 30 66
25 31 61
25 32 34
25 33 74
25 34 92
25 35 20
25 36 73
25 37 61
25 38 43
25 39 53
25 40 55
25 41 9
25 42 43
25 43 75
25 44 2
25 45 74
25 46 25
25 47 26
25 48 56
25 49 85
25 50 49
25 51 95
25 52 93
25 53 97
25 54 23
25 55 17
25 56 68
25 57 37
25 58 29
25 59 74
25 60 41
25 61 32
25 62 70
25 63 45
25 64 5
25 65 33
25 66 45
25 67 57
25 68 27
25 69 18
25 70 69
25 71 94
25 72 52
25 73 71
25 74 52
25 75 100
25 76 76
25 77 32
25 78 16
25 79 91
25 80 35
25 81 64
25 82 52
25 83 76
26 27 32
26 28 22
26 29 33
26 30 38
26 31 85
26 32 38
26 33 20
26 34 32
26 35 87
26 36 47
26 37 32
26 38 60
26 39 17
26 40 63
26 41 86
26 42 56
26 43 91
26 44 93
26 45 72
26 46 36
26 47 97
26 48 90
26 49 7
26 50 68
26 51 40
26 52 64
26 53 97
26 54 23
26 55 66
26 56 55
26 57 14
26 58 69
26 59 70
26 60 53
26 61 96
26 62 58
26 63 34
26 64 82
26 65 63
26 66 55
26 67 17
26 68 94
26 69 83
26 70 96
26 71 91
26 72 90
26 73 35
26 74 93
26 75 37
26 76 11
26 77 20
26 78 99
26 79 62
26 80 53
26 81 87
26 82 91
26 83 41
27 28 19
27 29 10
27 30 41
27 31 50
27 32 22
27 33 83
27 34 36
27 35 29
27 36 34
27 37 38
27 38 20
27 39 84
27 40 83
27 41 88
27 42 14
27 43 1
27 44 37
27 45 81
27 46 26
27 47 64
27 48 55
27 49 61
27 50 99
27 51 97
27 52 71
27 53 91
27 54 44
27 55 9
27 56 47
27 57 43
27 58 5
27 59 1
27 60 68
27 61 1
27 62 40
27 63 78
27 64 78
27 65 35
27 66 25
27 67 1
27 68 32
27 69 31
27 70 81
27 71 9
27 72 19
27 73 30
27 74 36
27 75 12
27 76 5
27 77 71
27 78 4
27 79 96
27 80 86
27 81 51
27 82 51
27 83 61
28 29 13
28 30 28
28 31 66
28 32 91
28 33 70
28 34 97
28 35 9
28 36 8
28 37 16
28 38 32
28 39 47
28 40 40
28 41 83
28 42 69
28 43 88
28 44 4
28 45 44
28 46 27
28 47 11
28 48 4
28 49 56
28 50 53
28 51 38
28 52 97
28 53 89
28 54 50
28 55 68
28 56 77
28 57 52
28 58 20
28 59 52
28 60 11
28 61 83
28 62 82
28 63 95
28 64 49
28 65 36
28 66 70
28 67 98
28 68 36
28 69 30
28 70 14
28 71 9
28 72 86
28 73 73
28 74 15
28 75 60
28 76 89
28 77 83
28 78 21
28 79 50
28 80 57
28 81 50
28 82 21
28 83 61
29 30 97
29 31 50
29 32 62
29 33 6
29 34 72
29 35 66
29 36 87
29 37 33
29 38 54
29 39 60
29 40 93
29 41 97
29 42 84
29 43 91
29 44 46
29 45 3
29 46 37
29 47 85
29 48 74
29 49 54
29 50 89
29 51 48
29 52 66
29 53 50
29 54 93
29 55 12
29 56 41
29 57 69
29 58 48
29 59 44
29 60 46
29 61 92
29 62 93
29 63 48
29 64 57
29 65 3
29 66 75
29 67 0
29 68 53
29 69 8
29 70 21
29 71 72
29 72 36
29 73 36
29 74 96
29 75 73
29 76 81
29 77 93
29 78 59
29 79 36
29 80 21
29 81 43
29 82 49
29 83 73
30 31 66
30 32 40
30 33 39
30 34 71
30 35 92
30 36 49
30 37 77
30 38 89
30 39 32
30 40 27
30 41 12
30 42 63
30 43 66
30 44 3
30 45 54
30 46 6
30 47 60
30 48 43
30 49 58
30 50 82
30 51 72
30 52 58
30 53 25
30 54 40
30 55 99
30 56 80
30 57 35
30 58 67
30 59 54
30 60 2
30 61 21
30 62 17
30 63 40
30 64 51
30 65 74
30 66 34
30 67 48
30 68 89
30 69 15
30 70 13
30 71 91
30 72 86
30 73 68
30 74 79
30 75 98
30 76 35
30 77 2
30 78 88
30 79 67
30 80 9
30 81 100
30 82 35
30 83 60
31 32 87
31 33 19
31 34 70
31 35 72
31 36 44
31 37 22
31 38 66
31 39 29
31 40 7
31 41 100
31 42 93
31 43 26
31 44 62
31 45 4
31 46 53
31 47 44
31 48 75
31 49 88
31 50 3
31 51 22
31 52 74
31 53 26
31 54 10
31 55 79
31 56 42
31 57 5
31 58 90
31 59 39
31 60 19
31 61 92
31 62 24
31 63 96
31 64 67
31 65 83
31 66 45
31 67 46
31 68 97
31 69 4
31 70 58
31 71 7
31 72 95
31 73 8
31 74 79
31 75 83
31 76 1
31 77 75
31 78 80
31 79 32
31 80 23
31 81 70
31 82 67
31 83 63
32 33 5
32 34 4
32 35 86
32 36 0
32 37 79
32 38 96
32 39 55
32 40 55
32 41 35
32 42 53
32 43 10
32 44 90
32 45 30
32 46 81
32 47 94
32 48 29
32 49 76
32 50 88
32 51 47
32 52 48
32 53 33
32 54 26
32 55 66
32 56 37
32 57 6
32 58 74
32 59 57
32 60 74
32 61 9
32 62 51
32 63 31
32 64 15
32 65 2
32 66 47
32 67 52
32 68 8
32 69 79
32 70 63
32 71 42
32 72 7
32 73 94
32 74 51
32 75 5
32 76 40
32 77 51
32 78 93
32 79 43
32 80 19
32 81 65
32 82 61
32 83 73
33 34 92
33 35 16
33 36 13
33 37 89
33 38 9
33 39 99
33 40 56
33 41 50
33 42 75
33 43 40
33 44 26
33 45 91
33 46 5
33 47 30
33 48 57
33 49 63
33 50 60
33 51 84
33 52 27
33 53 14
33 54 27
33 55 4
33 56 97
33 57 25
33 58 44
33 59 80
33 60 25
33 61 82
33 62 67
33 63 26
33 64 20
33 65 53
33 66 100
33 67 67
33 68 17
33 69 53
33 70 74
33 71 56
33 72 2
33 73 10
33 74 14
33 75 43
33 76 14
33 77 85
33 78 61
33 79 91
33 80 65
33 81 2
33 82 79
33 83 76
34 35 36
34 36 26
34 37 39
34 38 53
34 39 39
34 40 54
34 41 55
34 42 37
34 43 78
34 44 0
34 45 4
34 46 29
34 47 58
34 48 100
34 49 30
34 50 88
34 51 61
34 52 8
34 53 88
34 54 81
34 55 79
34 56 71
34 57 30
34 58 46
34 59 95
34 60 20
34 61 37
34 62 36
34 63 24
34 64 14
34 65 1
34 66 61
34 67 57
34 68 23
34 69 84
34 70 62
34 71 52
34 72 79
34 73 26
34 74 96
34 75 3
34 76 21
34 77 0
34 78 100
34 79 45
34 80 61
34 81 12
34 82 37
34 83 47
35 36 74
35 37 85
35 38 12
35 39 27
35 40 64
35 41 50
35 42 8
35 43 91
35 44 85
35 45 85
35 46 77
35 47 13
35 48 52
35 49 25
35 50 93
35 51 47
35 52 20
35 53 4
35 54 70
35 55 11
35 56 96
35 57 61
35 58 84
35 59 19
35 60 15
35 61 81
35 62 74
35 63 32
35 64 93
35 65 88
35 66 61
35 67 0
35 68 87
35 69 41
35 70 55
35 71 78
35 72 46
35 73 17
35 74 90
35 75 43
35 76 84
35 77 80
35 78 20
35 79 45
35 80 28
35 81 68
35 82 52
35 83 58
36 37 96
36 38 5
36 39 18
36 40 83
36 41 0
36 42 79
36 43 26
36 44 15
36 45 10
36 46 72
36 47 98
36 48 40
36 49 34
36 50 59
36 51 25
36 52 71
36 53 87
36 54 42
36 55 15
36 56 32
36 57 56
36 58 25
36 59 48
36 60 44
36 61 15
36 62 23
36 63 59
36 64 86
36 65 31
36 66 74
36 67 35
36 68 75
36 69 67
36 70 18
36 71 10
36 72 35
36 73 82
36 74 92
36 75 36
36 76 88
36 77 48
36 78 42
36 79 17
36 80 17
36 81 13
36 82 13
36 83 30
37 38 31
37 39 92
37 40 80
37 41 22
37 42 50
37 43 43
37 44 4
37 45 29
37 46 91
37 47 23
37 48 42
37 49 70
37 50 57
37 51 17
37 52 38
37 53 97
37 54 22
37 55 76
37 56 78
37 57 93
37 58 1
37 59 24
37 60 24
37 61 99
37 62 80
37 63 20
37 64 93
37 65 98
37 66 62
37 67 96
37 68 63
37 69 36
37 70 73
37 71 100
37 72 95
37 73 28
37 74 15
37 75 62
37 76 7
37 77 33
37 78 37
37 79 3
37 80 76
37 81 27
37 82 19
37 83 62
38 39 42
38 40 64
38 41 44
38 42 8
38 43 50
38 44 48
38 45 51
38 46 35
38 47 33
38 48 35
38 49 72
38 50 63
38 51 66
38 52 64
38 53 93
38 54 44
38 55 39
38 56 96
38 57 74
38 58 67
38 59 36
38 60 30
38 61 11
38 62 77
38 63 22
38 64 44
38 65 13
38 66 24
38 67 76
38 68 94
38 69 37
38 70 0
38 71 99
38 72 97
38 73 32
38 74 89
38 75 37
38 76 35
38 77 90
38 78 4
38 79 61
38 80 11
38 81 12
38 82 98
38 83 4
39 40 92
39 41 89
39 42 49
39 43 1
39 44 59
39 45 65
39 46 94
39 47 53
39 48 7
39 49 44
39 50 88
39 51 81
39 52 29
39 53 27
39 54 50
39 55 7
39 56 41
39 57 36
39 58 38
39 59 39
39 60 5
39 61 59
39 62 83
39 63 91
39 64 34
39 65 65
39 66 92
39 67 21
39 68 52
39 69 49
39 70 1
39 71 71
39 72 33
39 73 94
39 74 58
39 75 90
39 76 14
39 77 7
39 78 20
39 79 92
39 80 94
39 81 78
39 82 3
39 83 26
40 41 27
40 42 72
40 43 1
40 44 26
40 45 26
40 46 48
40 47 27
40 48 69
40 49 16
40 50 85
40 51 38
40 52 3
40 53 34
40 54 21
40 55 16
40 56 38
40 57 47
40 58 44
40 59 4
40 60 6
40 61 28
40 62 61
40 63 65
40 64 43
40 65 2
40 66 35
40 67 4
40 68 88
40 69 11
40 70 20
40 71 74
40 72 82
40 73 77
40 74 32
40 75 11
40 76 51
40 77 85
40 78 26
40 79 97
40 80 9
40 81 6
40 82 88
40 83 68
41 42 64
41 43 2
41 44 72
41 45 31
41 46 53
41 47 82
41 48 64
41 49 11
41 50 1
41 51 92
41 52 68
41 53 52
41 54 38
41 55 32
41 56 4
41 57 16
41 58 73
41 59 52
41 60 16
41 61 63
41 62 24
41 63 29
41 64 16
41 65 21
41 66 41
41 67 58
41 68 80
41 69 74
41 70 78
41 71 40
41 72 88
41 73 22
41 74 44
41 75 49
41 76 32
41 77 75
41 78 93
41 79 36
41 80 91
41 81 40
41 82 79
41 83 27
42 43 72
42 44 89
42 45 91
42 46 37
42 47 45
42 48 78
42 49 63
42 50 49
42 51 67
42 52 28
42 53 61
42 54 3
42 55 54
42 56 6
42 57 38
42 58 60
42 59 11
42 60 0
42 61 16
42 62 91
42 63 79
42 64 71
42 65 80
42 66 93
42 67 57
42 68 56
42 69 62
42 70 18
42 71 41
42 72 69
42 73 24
42 74 30
42 75 55
42 76 86
42 77 59
42 78 72
42 79 69
42 80 1
42 81 81
42 82 62
42 83 47
43 44 91
43 45 72
43 46 35
43 47 75
43 48 99
43 49 18
43 50 30
43 51 88
43 52 81
43 53 58
43 54 52
43 55 22
43 56 35
43 57 25
43 58 96
43 59 51
43 60 82
43 61 89
43 62 49
43 63 31
43 64 5
43 65 54
43 66 20
43 67 45
43 68 53
43 69 22
43 70 23
43 71 15
43 72 27
43 73 2
43 74 91
43 75 4
43 76 68
43 77 60
43 78 40
43 79 86
43 80 65
43 81 61
43 82 30
43 83 54
44 45 62
44 46 29
44 47 24
44 48 0
44 49 90
44 50 6
44 51 48
44 52 49
44 53 100
44 54 45
44 55 80
44 56 54
44 57 31
44 58 36
44 59 53
44 60 51
44 61 61
44 62 11
44 63 97
44 64 11
44 65 68
44 66 36
44 67 64
44 68 95
44 69 59
44 70 58
44 71 99
44 72 68
44 73 89
44 74 68
44 75 6
44 76 9
44 77 42
44 78 38
44 79 93
44 80 35
44 81 34
44 82 5
44 83 88
45 46 41
45 47 48
45 48 28
45 49 30
45 50 54
45 51 89
45 52 61
45 53 17
45 54 35
45 55 30
45 56 94
45 57 27
45 58 91
45 59 37
45 60 33
45 61 48
45 62 91
45 63 60
45 64 33
45 65 51
45 66 33
45 67 51
45 68 46
45 69 97
45 70 47
45 71 6
45 72 82
45 73 61
45 74 48
45 75 51
45 76 24
45 77 16
45 78 87
45 79 100
45 80 75
45 81 18
45 82 36
45 83 99
46 47 2
46 48 52
46 49 39
46 50 23
46 51 19
46 52 16
46 53 85
46 54 20
46 55 53
46 56 53
46 57 23
46 58 15
46 59 87
46 60 8
46 61 99
46 62 84
46 63 60
46 64 30
46 65 75
46 66 40
46 67 16
46 68 89
46 69 86
46 70 95
46 71 10
46 72 79
46 73 4
46 74 10
46 75 66
46 76 100
46 77 72
46 78 93
46 79 20
46 80 49
46 81 60
46 82 89
46 83 21
47 48 96
47 49 54
47 50 71
47 51 36
47 52 29
47 53 34
47 54 72
47 55 41
47 56 85
47 57 41
47 58 78
47 59 77
47 60 96
47 61 86
47 62 28
47 63 40
47 64 69
47 65 60
47 66 5
47 67 80
47 68 49
47 69 61
47 70 8
47 71 61
47 72 36
47 73 69
47 74 82
47 75 55
47 76 35
47 77 39
47 78 35
47 79 83
47 80 69
47 81 95
47 82 29
47 83 25
48 49 79
48 50 1
48 51 84
48 52 16
48 53 89
48 54 65
48 55 99
48 56 18
48 57 15
48 58 95
48 59 90
48 60 98
48 61 82
48 62 46
48 63 94
48 64 28
48 65 6
48 66 74
48 67 58
48 68 77
48 69 78
48 70 83
48 71 78
48 72 17
48 73 84
48 74 0
48 75 84
48 76 46
48 77 42
48 78 4
48 79 60
48 80 31
48 81 36
48 82 14
48 83 50
49 50 65
49 51 15
49 52 88
49 53 48
49 54 47
49 55 14
49 56 16
49 57 65
49 58 100
49 59 57
49 60 75
49 61 55
49 62 95
49 63 22
49 64 35
49 65 34
49 66 80
49 67 13
49 68 16
49 69 12
49 70 47
49 71 70
49 72 100
49 73 41
49 74 74
49 75 47
49 76 50
49 77 43
49 78 83
49 79 56
49 80 69
49 81 45
49 82 24
49 83 99
50 51 73
50 52 56
50 53 55
50 54 21
50 55 92
50 56 99
50 57 84
50 58 4
50 59 53
50 60 37
50 61 84
50 62 88
50 63 65
50 64 97
50 65 0
50 66 8
50 67 54
50 68 42
50 69 16
50 70 62
50 71 10
50 72 55
50 73 88
50 74 62
50 75 83
50 76 75
50 77 59
50 78 60
50 79 23
50 80 8
50 81 72
50 82 23
50 83 37
51 52 97
51 53 76
51 54 30
51 55 18
51 56 19
51 57 44
51 58 28
51 59 99
51 60 26
51 61 99
51 62 78
51 63 43
51 64 50
51 65 10
51 66 82
51 67 87
51 68 42
51 69 91
51 70 78
51 71 54
51 72 18
51 73 59
51 74 95
51 75 33
51 76 93
51 77 53
51 78 64
51 79 56
51 80 21
51 81 43
51 82 6
51 83 97
52 53 4
52 54 28
52 55 28
52 56 48
52 57 37
52 58 42
52 59 77
52 60 92
52 61 87
52 62 16
52 63 91
52 64 60
52 65 43
52 66 40
52 67 85
52 68 42
52 69 21
52 70 99
52 71 67
52 72 52
52 73 63
52 74 9
52 75 40
52 76 40
52 77 6
52 78 48
52 79 74
52 80 81
52 81 56
52 82 30
52 83 13
53 54 33
53 55 74
53 56 14
53 57 60
53 58 3
53 59 3
53 60 58
53 61 81
53 62 76
53 63 76
53 64 35
53 65 77
53 66 23
53 67 99
53 68 9
53 69 27
53 70 38
53 71 85
53 72 37
53 73 30
53 74 9
53 75 89
53 76 48
53 77 4
53 78 70
53 79 47
53 80 27
53 81 83
53 82 96
53 83 13
54 55 58
54 56 4
54 57 87
54 58 40
54 59 63
54 60 75
54 61 57
54 62 77
54 63 12
54 64 19
54 65 81
54 66 65
54 67 55
54 68 50
54 69 23
54 70 40
54 71 24
54 72 98
54 73 57
54 74 71
54 75 82
54 76 100
54 77 43
54 78 70
54 79 49
54 80 68
54 81 29
54 82 69
54 83 99
55 56 82
55 57 15
55 58 82
55 59 26
55 60 21
55 61 11
55 62 95
55 63 78
55 64 17
55 65 60
55 66 85
55 67 26
55 68 23
55 69 36
55 70 35
55 71 32
55 72 91
55 73 28
55 74 38
55 75 39
55 76 27
55 77 92
55 78 57
55 79 40
55 80 70
55 81 46
55 82 28
55 83 15
56 57 74
56 58 33
56 59 86
56 60 37
56 61 37
56 62 74
56 63 1
56 64 3
56 65 18
56 66 27
56 67 57
56 68 41
56 69 40
56 70 94
56 71 16
56 72 22
56 73 23
56 74 48
56 75 78
56 76 91
56 77 12
56 78 43
56 79 59
56 80 59
56 81 49
56 82 98
56 83 92
57 58 0
57 59 93
57 60 78
57 61 72
57 62 46
57 63 74
57 64 66
57 65 10
57 66 12
57 67 21
57 68 49
57 69 18
57 70 28
57 71 42
57 72 24
57 73 0
57 74 51
57 75 26
57 76 80
57 77 29
57 78 8
57 79 23
57 80 22
57 81 91
57 82 2
57 83 32
58 59 17
58 60 92
58 61 15
58 62 56
58 63 1
58 64 21
58 65 93
58 66 82
58 67 6
58 68 11
58 69 58
58 70 47
58 71 41
58 72 27
58 73 80
58 74 43
58 75 19
58 76 66
58 77 15
58 78 79
58 79 26
58 80 1
58 81 85
58 82 2
58 83 9
59 60 39
59 61 62
59 62 77
59 63 62
59 64 4
59 65 32
59 66 79
59 67 65
59 68 79
59 69 54
59 70 70
59 71 21
59 72 71
59 73 4
59 74 85
59 75 96
59 76 97
59 77 38
59 78 93
59 79 38
59 80 33
59 81 3
59 82 83
59 83 21
60 61 98
60 62 8
60 63 61
60 64 35
60 65 100
60 66 93
60 67 71
60 68 3
60 69 19
60 70 68
60 71 36
60 72 95
60 73 17
60 74 34
60 75 36
60 76 41
60 77 89
60 78 21
60 79 14
60 80 47
60 81 61
60 82 80
60 83 46
61 62 71
61 63 28
61 64 7
61 65 78
61 66 52
61 67 48
61 68 8
61 69 39
61 70 46
61 71 34
61 72 44
61 73 88
61 74 84
61 75 46
61 76 6
61 77 81
61 78 31
61 79 85
61 80 66
61 81 89
61 82 52
61 83 84
62 63 49
62 64 17
62 65 53
62 66 61
62 67 6
62 68 31
62 69 75
62 70 59
62 71 97
62 72 40
62 73 10
62 74 92
62 75 33
62 76 96
62 77 62
62 78 47
62 79 69
62 80 8
62 81 28
62 82 30
62 83 29
63 64 24
63 65 57
63 66 92
63 67 77
63 68 76
63 69 68
63 70 30
63 71 62
63 72 92
63 73 58
63 74 14
63 75 47
63 76 14
63 77 24
63 78 8
63 79 66
63 80 28
63 81 80
63 82 77
63 83 92
64 65 28
64 66 38
64 67 73
64 68 7
64 69 20
64 70 18
64 71 65
64 72 100
64 73 24
64 74 34
64 75 12
64 76 94
64 77 26
64 78 94
64 79 19
64 80 100
64 81 46
64 82 58
64 83 65
65 66 78
65 67 77
65 68 38
65 69 61
65 70 54
65 71 41
65 72 68
65 73 84
65 74 36
65 75 84
65 76 41
65 77 88
65 78 29
65 79 56
65 80 9
65 81 3
65 82 68
65 83 19
66 67 19
66 68 91
66 69 33
66 70 57
66 71 27
66 72 35
66 73 98
66 74 46
66 75 91
66 76 91
66 77 57
66 78 16
66 79 61
66 80 53
66 81 85
66 82 24
66 83 14
67 68 19
67 69 82
67 70 78
67 71 43
67 72 36
67 73 9
67 74 26
67 75 51
67 76 71
67 77 72
67 78 66
67 79 3
67 80 78
67 81 27
67 82 95
67 83 95
68 69 11
68 70 10
68 71 26
68 72 91
68 73 39
68 74 84
68 75 77
68 76 98
68 77 59
68 78 74
68 79 4
68 80 45
68 81 5
68 82 52
68 83 0
69 70 92
69 71 28
69 72 44
69 73 23
69 74 66
69 75 10
69 76 18
69 77 26
69 78 41
69 79 5
69 80 4
69 81 76
69 82 86
69 83 64
70 71 56
70 72 48
70 73 99
70 74 93
70 75 78
70 76 19
70 77 80
70 78 5
70 79 54
70 80 16
70 81 81
70 82 99
70 83 63
71 72 30
71 73 5
71 74 81
71 75 78
71 76 33
71 77 13
71 78 28
71 79 41
71 80 78
71 81 45
71 82 99
71 83 16
72 73 67
72 74 70
72 75 99
72 76 80
72 77 100
72 78 60
72 79 86
72 80 100
72 81 40
72 82 9
72 83 76
73 74 71
73 75 65
73 76 7
73 77 57
73 78 81
73 79 53
73 80 28
73 81 47
73 82 9
73 83 100
74 75 77
74 76 47
74 77 65
74 78 81
74 79 18
74 80 4
74 81 9
74 82 76
74 83 28
75 76 23
75 77 29
75 78 50
75 79 75
75 80 94
75 81 41
75 82 18
75 83 69
76 77 13
76 78 93
76 79 24
76 80 17
76 81 9
76 82 2
76 83 66
77 78 21
77 79 29
77 80 63
77 81 1
77 82 56
77 83 41
78 79 76
78 80 14
78 81 10
78 82 99
78 83 39
79 80 41
79 81 30
79 82 13
79 83 34
80 81 46
80 82 12
80 83 8
81 82 20
81 83 71
82 83 2
