84 3486
1 2 18
1 3 46
1 4 13
1 5 56
1 6 84
1 7 5
1 8 84
1 9 95
1 10 87
1 11 40
1 12 22
1 13 67
1 14 90
1 15 41
1 16 58
1 17 80
1 18 2
1 19 58
1 20 50
1 21 82
1 22 1
1 23 20
1 24 32
1 25 7
1 26 79
1 27 13
1 28 61
1 29 21
1 30 88
1 31 68
1 32 30
1 33 32
1 34 63
1 35 95
1 36 46
1 37 47
1 38 81
1 39 29
1 40 41
1 41 60
1 42 82
1 43 24
1 44 88
1 45 64
1 46 94
1 47 86
1 48 16
1 49 10
1 50 67
1 51 69
1 52 73
1 53 82
1 54 70
1 55 98
1 56 75
1 57 12
1 58 59
1 59 0
1 60 41
1 61 7
1 62 64
1 63 89
1 64 51
1 65 17
1 66 54
1 67 61
1 68 56
1 69 39
1 70 21
1 71 77
1 72 52
1 73 94
1 74 79
1 75 30
1 76 65
1 77 25
1 78 32
1 79 3
1 80 34
1 81 22
1 82 55
1 83 15
1 84 71
2 3 2
2 4 6
2 5 34
2 6 11
2 7 79
2 8 84
2 9 67
2 10 34
2 11 29
2 12 69
2 13 68
2 14 52
2 15 30
2 16 68
2 17 18
2 18 68
2 19 3
2 20 19
2 21 94
2 22 69
2 23 55
2 24 80
2 25 66
2 26 7
2 27 88
2 28 26
2 29 11
2 30 19
2 31 30
2 32 49
2 33 41
2 34 17
2 35 92
2 36 36
2 37 76
2 38 95
2 39 68
2 40 28
2 41 40
2 42 68
2 43 73
2 44 27
2 45 67
2 46 97
2 47 68
2 48 8
2 49 10
2 50 26
2 51 81
2 52 87
2 53 69
2 54 40
2 55 18
2 56 79
2 57 95
2 58 56
2 59 37
2 60 97
2 61 40
2 62 24
2 63 32
2 64 56
2 65 81
2 66 94
2 67 47
2 68 29
2 69 95
2 70 93
2 71 78
2 72 40
2 73 19
2 74 87
2 75 90
2 76 68
2 77 65
2 78 99
2 79 6
2 80 94
2 81 60
2 82 14
2 83 51
2 84 64
3 4 54
3 5 33
3 6 53
3 7 18
3 8 83
3 9 33
3 10 83
3 11 29
3 12 61
3 13 97
3 14 69
3 15 64
3 16 94
3 17 29
3 18 11
3 19 75
3 20 94
3 21 29
3 22 67
3 23 93
3 24 18
3 25 23
3 26 44
3 27 95
3 28 3
3 29 60
3 30 90
3 31 6
3 32 46
3 33 40
3 34 36
3 35 38
3 36 17
3 37 38
3 38 20
3 39 85
3 40 26
3 41 81
3 42 68
3 43 39
3 44 58
3 45 14
3 46 44
3 47 10
3 48 95
3 49 9
3 50 15
3 51 38
3 52 89
3 53 83
3 54 25
3 55 12
3 56 69
3 57 30
3 58 62
3 59 11
3 60 11
3 61 32
3 62 89
3 63 79
3 64 86
3 65 52
3 66 92
3 67 77
3 68 32
3 69 80
3 70 69
3 71 43
3 72 32
3 73 16
3 74 59
3 75 8
3 76 77
3 77 2
3 78 36
3 79 65
3 80 43
3 81 22
3 82 75
3 83 23
3 84 48
4 5 26
4 6 82
4 7 90
4 8 24
4 9 72
4 10 35
4 11 59
4 12 99
4 13 75
4 14 98
4 15 7
4 16 75
4 17 81
4 18 86
4 19 33
4 20 2
4 21 25
4 22 36
4 23 22
4 24 6
4 25 52
4 26 19
4 27 56
4 28 81
4 29 78
4 30 56
4 31 65
4 32 90
4 33 90
4 34 25
4 35 88
4 36 1
4 37 5
4 38 5
4 39 21
4 40 53
4 41 94
4 42 31
4 43 36
4 44 94
4 45 11
4 46 25
4 47 51
4 48 61
4 49 75
4 50 3
4 51 95
4 52 24
4 53 22
4 54 77
4 55 14
4 56 100
4 57 70
4 58 100
4 59 76
4 60 46
4 61 77
4 62 33
4 63 86
4 64 68
4 65 31
4 66 53
4 67 52
4 68 84
4 69 50
4 70 87
4 71 86
4 72 44
4 73 53
4 74 73
4 75 27
4 76 95
4 77 98
4 78 44
4 79 40
4 80 79
4 81 93
4 82 95
4 83 7
4 84 66
5 6 53
5 7 68
5 8 44
5 9 64
5 10 52
5 11 69
5 12 27
5 13 18
5 14 35
5 15 100
5 16 78
5 17 83
5 18 8
5 19 11
5 20 97
5 21 77
5 22 19
5 23 50
5 24 84
5 25 95
5 26 93
5 27 95
5 28 71
5 29 95
5 30 16
5 31 80
5 32 71
5 33 29
5 34 100
5 35 82
5 36 63
5 37 43
5 38 57
5 39 5
5 40 8
5 41 7
5 42 85
5 43 69
5 44 15
5 45 89
5 46 47
5 47 77
5 48 22
5 49 66
5 50 47
5 51 43
5 52 42
5 53 32
5 54 66
5 55 45
5 56 88
5 57 29
5 58 94
5 59 56
5 60 47
5 61 6
5 62 50
5 63 75
5 64 38
5 65 96
5 66 24
5 67 36
5 68 90
5 69 88
5 70 98
5 71 83
5 72 97
5 73 37
5 74 15
5 75 37
5 76 13
5 77 6
5 78 14
5 79 35
5 80 10
5 81 3
5 82 73
5 83 87
5 84 5
6 7 0
6 8 22
6 9 68
6 10 60
6 11 83
6 12 27
6 13 95
6 14 86
6 15 51
6 16 64
6 17 38
6 18 81
6 19 80
6 20 36
6 21 51
6 22 45
6 23 47
6 24 100
6 25 47
6 26 81
6 27 96
6 28 22
6 29 88
6 30 86
6 31 95
6 32 57
6 33 20
6 34 8
6 35 97
6 36 1
6 37 98
6 38 94
6 39 33
6 40 0
6 41 90
6 42 32
6 43 4
6 44 32
6 45 35
6 46 48
6 47 1
6 48 11
6 49 25
6 50 79
6 51 100
6 52 33
6 53 38
6 54 86
6 55 7
6 56 1
6 57 61
6 58 43
6 59 34
6 60 74
6 61 85
6 62 99
6 63 21
6 64 83
6 65 38
6 66 82
6 67 65
6 68 38
6 69 47
6 70 4
6 71 56
6 72 16
6 73 3
6 74 94
6 75 69
6 76 86
6 77 24
6 78 55
6 79 62
6 80 66
6 81 47
6 82 44
6 83 2
6 84 6
7 8 33
7 9 2
7 10 95
7 11 70
7 12 18
7 13 55
7 14 2
7 15 98
7 16 99
7 17 90
7 18 83
7 19 50
7 20 84
7 21 79
7 22 64
7 23 0
7 24 75
7 25 39
7 26 58
7 27 24
7 28 47
7 29 37
7 30 25
7 31 10
7 32 46
7 33 8
7 34 6
7 35 24
7 36 99
7 37 100
7 38 3
7 39 84
7 40 67
7 41 71
7 42 48
7 43 27
7 44 28
7 45 50
7 46 91
7 47 60
7 48 56
7 49 42
7 50 22
7 51 39
7 52 15
7 53 65
7 54 10
7 55 98
7 56 88
7 57 96
7 58 64
7 59 71
7 60 60
7 61 90
7 62 72
7 63 60
7 64 90
7 65 38
7 66 69
7 67 12
7 68 63
7 69 4
7 70 1
7 71 38
7 72 100
7 73 17
7 74 70
7 75 47
7 76 85
7 77 31
7 78 81
7 79 62
7 80 27
7 81 80
7 82 47
7 83 77
7 84 52
8 9 54
8 10 18
8 11 27
8 12 34
8 13 88
8 14 84
8 15 55
8 16 48
8 17 69
8 18 67
8 19 16
8 20 84
8 21 0
8 22 11
8 23 12
8 24 87
8 25 56
8 26 88
8 27 13
8 28 15
8 29 59
8 30 73
8 31 36
8 32 96
8 33 89
8 34 40
8 35 45
8 36 2
8 37 27
8 38 71
8 39 73
8 40 3
8 41 54
8 42 41
8 43 17
8 44 83
8 45 64
8 46 37
8 47 64
8 48 13
8 49 97
8 50 54
8 51 19
8 52 30
8 53 44
8 54 63
8 55 76
8 56 54
8 57 100
8 58 79
8 59 25
8 60 51
8 61 79
8 62 55
8 63 32
8 64 16
8 65 24
8 66 77
8 67 86
8 68 67
8 69 5
8 70 20
8 71 2
8 72 26
8 73 72
8 74 69
8 75 18
8 76 78
8 77 18
8 78 11
8 79 26
8 80 4
8 81 72
8 82 94
8 83 69
8 84 45
9 10 46
9 11 32
9 12 16
9 13 14
9 14 88
9 15 64
9 16 67
9 17 1
9 18 39
9 19 39
9 20 40
9 21 48
9 22 5
9 23 4
9 24 59
9 25 31
9 26 77
9 27 81
9 28 72
9 29 62
9 30 54
9 31 95
9 32 87
9 33 4
9 34 39
9 35 86
9 36 14
9 37 67
9 38 20
9 39 73
9 40 6
9 41 49
9 42 19
9 43 97
9 44 75
9 45 75
9 46 66
9 47 31
9 48 34
9 49 72
9 50 57
9 51 89
9 52 75
9 53 27
9 54 77
9 55 71
9 56 52
9 57 65
9 58 12
9 59 86
9 60 5
9 61 52
9 62 34
9 63 78
9 64 20
9 65 19
9 66 56
9 67 4
9 68 98
9 69 56
9 70 5
9 71 22
9 72 43
9 73 19
9 74 66
9 75 74
9 76 65
9 77 54
9 78 6
9 79 85
9 80 5
9 81 46
9 82 3
9 83 87
9 84 59
10 11 8
10 12 29
10 13 82
10 14 73
10 15 90
10 16 33
10 17 54
10 18 8
10 19 37
10 20 59
10 21 82
10 22 54
10 23 14
10 24 66
10 25 76
10 26 28
10 27 41
10 28 77
10 29 34
10 30 64
10 31 91
10 32 24
10 33 72
10 34 100
10 35 60
10 36 84
10 37 36
10 38 55
10 39 86
10 40 18
10 41 36
10 42 85
10 43 42
10 44 62
10 45 24
10 46 20
10 47 62
10 48 90
10 49 61
10 50 87
10 51 89
10 52 77
10 53 94
10 54 53
10 55 54
10 56 26
10 57 40
10 58 63
10 59 95
10 60 91
10 61 66
10 62 66
10 63 10
10 64 89
10 65 43
10 66 4
10 67 67
10 68 26
10 69 81
10 70 33
10 71 73
10 72 64
10 73 81
10 74 54
10 75 46
10 76 82
10 77 20
10 78 91
10 79 67
10 80 54
10 81 84
10 82 34
10 83 39
10 84 8
11 12 61
11 13 79
11 14 64
11 15 96
11 16 11
11 17 72
11 18 94
11 19 66
11 20 63
11 21 12
11 22 16
11 23 0
11 24 74
11 25 66
11 26 87
11 27 3
11 28 3
11 29 70
11 30 58
11 31 7
11 32 71
11 33 51
11 34 53
11 35 11
11 36 65
11 37 84
11 38 11
11 39 91
11 40 46
11 41 21
11 42 35
11 43 70
11 44 27
11 45 53
11 46 83
11 47 85
11 48 61
11 49 70
11 50 50
11 51 86
11 52 95
11 53 18
11 54 16
11 55 23
11 56 79
11 57 57
11 58 76
11 59 49
11 60 22
11 61 88
11 62 32
11 63 68
11 64 95
11 65 46
11 66 20
11 67 26
11 68 54
11 69 3
11 70 32
11 71 2
11 72 94
11 73 74
11 74 27
11 75 22
11 76 46
11 77 29
11 78 76
11 79 77
11 80 95
11 81 70
11 82 62
11 83 28
11 84 11
12 13 25
12 14 3
12 15 37
12 16 31
12 17 27
12 18 10
12 19 82
12 20 87
12 21 60
12 22 73
12 23 0
12 24 91
12 25 11
12 26 70
12 27 85
12 28 88
12 29 11
12 30 95
12 31 12
12 32 68
12 33 80
12 34 99
12 35 86
12 36 47
12 37 67
12 38 1
12 39 1
12 40 9
12 41 37
12 42 35
12 43 44
12 44 31
12 45 47
12 46 87
12 47 85
12 48 22
12 49 46
12 50 86
12 51 78
12 52 90
12 53 38
12 54 23
12 55 2
12 56 62
12 57 41
12 58 9
12 59 11
12 60 100
12 61 23
12 62 51
12 63 89
12 64 35
12 65 64
12 66 21
12 67 19
12 68 80
12 69 22
12 70 54
12 71 39
12 72 59
12 73 87
12 74 20
12 75 27
12 76 99
12 77 49
12 78 39
12 79 6
12 80 0
12 81 62
12 82 95
12 83 28
12 84 71
13 14 38
13 15 65
13 16 45
13 17 67
13 18 42
13 19 29
13 20 3
13 21 97
13 22 83
13 23 86
13 24 98
13 25 58
13 26 20
13 27 26
13 28 25
13 29 17
13 30 11
13 31 45
13 32 70
13 33 1
13 34 83
13 35 18
13 36 35
13 37 22
13 38 54
13 39 12
13 40 69
13 41 75
13 42 93
13 43 51
13 44 54
13 45 67
13 46 33
13 47 70
13 48 0
13 49 64
13 50 5
13 51 84
13 52 87
13 53 27
13 54 65
13 55 73
13 56 35
13 57 35
13 58 19
13 59 68
13 60 54
13 61 56
13 62 9
13 63 11
13 64 58
13 65 100
13 66 90
13 67 9
13 68 75
13 69 8
13 70 58
13 71 67
13 72 29
13 73 5
13 74 76
13 75 1
13 76 63
13 77 34
13 78 19
13 79 72
13 80 30
13 81 6
13 82 58
13 83 32
13 84 39
14 15 39
14 16 28
14 17 77
14 18 51
14 19 11
14 20 97
14 21 86
14 22 2
14 23 68
14 24 64
14 25 94
14 26 57
14 27 77
14 28 18
14 29 67
14 30 99
14 31 52
14 32 44
14 33 12
14 34 36
14 35 15
14 36 59
14 37 89
14 38 22
14 39 39
14 40 88
14 41 0
14 42 58
14 43 18
14 44 34
14 45 21
14 46 35
14 47 34
14 48 79
14 49 23
14 50 50
14 51 7
14 52 7
14 53 81
14 54 33
14 55 50
14 56 19
14 57 98
14 58 86
14 59 67
14 60 20
14 61 28
14 62 90
14 63 65
14 64 77
14 65 68
14 66 100
14 67 1
14 68 97
14 69 87
14 70 80
14 71 70
14 72 2
14 73 52
14 74 43
14 75 25
14 76 13
14 77 18
14 78 90
14 79 64
14 80 29
14 81 36
14 82 0
14 83 8
14 84 88
15 16 18
15 17 48
15 18 38
15 19 72
15 20 6
15 21 50
15 22 37
15 23 85
15 24 79
15 25 27
15 26 77
15 27 52
15 28 73
15 29 77
15 30 37
15 31 30
15 32 79
15 33 72
15 34 42
15 35 63
15 36 65
15 37 93
15 38 30
15 39 49
15 40 1
15 41 21
15 42 51
15 43 16
15 44 7
15 45 72
15 46 58
15 47 7
15 48 97
15 49 65
15 50 85
15 51 16
15 52 0
15 53 66
15 54 43
15 55 96
15 56 94
15 57 46
15 58 86
15 59 7
15 60 54
15 61 37
15 62 33
15 63 66
15 64 61
15 65 13
15 66 99
15 67 97
15 68 97
15 69 72
15 70 82
15 71 75
15 72 96
15 73 79
15 74 71
15 75 99
15 76 18
15 77 54
15 78 67
15 79 54
15 80 93
15 81 11
15 82 15
15 83 13
15 84 19
16 17 98
16 18 26
16 19 9
16 20 36
16 21 42
16 22 38
16 23 32
16 24 59
16 25 73
16 26 27
16 27 36
16 28 82
16 29 9
16 30 36
16 31 89
16 32 18
16 33 67
16 34 79
16 35 74
16 36 14
16 37 31
16 38 65
16 39 47
16 40 59
16 41 5
16 42 9
16 43 68
16 44 5
16 45 20
16 46 13
16 47 73
16 48 10
16 49 54
16 50 16
16 51 30
16 52 97
16 53 59
16 54 87
16 55 14
16 56 44
16 57 77
16 58 31
16 59 94
16 60 98
16 61 28
16 62 88
16 63 8
16 64 83
16 65 74
16 66 21
16 67 29
16 68 78
16 69 52
16 70 52
16 71 55
16 72 34
16 73 31
16 74 38
16 75 45
16 76 78
16 77 11
16 78 38
16 79 94
16 80 93
16 81 88
16 82 93
16 83 53
16 84 35
17 18 25
17 19 67
17 20 69
17 21 93
17 22 67
17 23 89
17 24 2
17 25 3
17 26 63
17 27 91
17 28 6
17 29 94
17 30 19
17 31 2
17 32 35
17 33 47
17 34 9
17 35 41
17 36 1
17 37 76
17 38 21
17 39 43
17 40 59
17 41 8
17 42 53
17 43 83
17 44 87
17 45 24
17 46 15
17 47 11
17 48 8
17 49 85
17 50 10
17 51 29
17 52 75
17 53 2
17 54 28
17 55 58
17 56 97
17 57 77
17 58 73
17 59 25
17 60 66
17 61 20
17 62 59
17 63 98
17 64 12
17 65 60
17 66 62
17 67 90
17 68 59
17 69 89
17 70 0
17 71 17
17 72 83
17 73 0
17 74 73
17 75 56
17 76 52
17 77 57
17 78 6
17 79 39
17 80 25
17 81 31
17 82 94
17 83 69
17 84 41
18 19 53
18 20 57
18 21 40
18 22 37
18 23 39
18 24 81
18 25 43
18 26 36
18 27 49
18 28 31
18 29 75
18 30 81
18 31 33
18 32 72
18 33 97
18 34 9
18 35 42
18 36 5
18 37 26
18 38 81
18 39 77
18 40 28
18 41 22
18 42 10
18 43 47
18 44 80
18 45 71
18 46 68
18 47 47
18 48 41
18 49 60
18 50 97
18 51 52
18 52 22
18 53 65
18 54 43
18 55 22
18 56 77
18 57 16
18 58 93
18 59 22
18 60 44
18 61 54
18 62 87
18 63 23
18 64 20
18 65 52
18 66 78
18 67 99
18 68 86
18 69 54
18 70 0
18 71 76
18 72 71
18 73 19
18 74 93
18 75 100
18 76 75
18 77 87
18 78 58
18 79 41
18 80 30
18 81 45
18 82 18
18 83 61
18 84 10
19 20 25
19 21 76
19 22 81
19 23 88
19 24 9
19 25 31
19 26 59
19 27 4
19 28 63
19 29 15
19 30 81
19 31 38
19 32 81
19 33 16
19 34 72
19 35 10
19 36 80
19 37 38
19 38 92
19 39 95
19 40 22
19 41 21
19 42 38
19 43 66
19 44 77
19 45 56
19 46 44
19 47 10
19 48 41
19 49 30
19 50 22
19 51 14
19 52 0
19 53 45
19 54 69
19 55 62
19 56 42
19 57 86
19 58 19
19 59 0
19 60 65
19 61 51
19 62 18
19 63 51
19 64 13
19 65 20
19 66 42
19 67 13
19 68 26
19 69 6
19 70 34
19 71 33
19 72 75
19 73 39
19 74 69
19 75 70
19 76 98
19 77 11
19 78 1
19 79 58
19 80 39
19 81 66
19 82 22
19 83 54
19 84 42
20 21 52
20 22 65
20 23 21
20 24 70
20 25 29
20 26 4
20 27 28
20 28 46
20 29 46
20 30 53
20 31 63
20 32 36
20 33 30
20 34 34
20 35 94
20 36 64
20 37 31
20 38 31
20 39 29
20 40 64
20 41 33
20 42 92
20 43 82
20 44 35
20 45 93
20 46 17
20 47 65
20 48 5
20 49 74
20 50 51
20 51 82
20 52 89
20 53 78
20 54 54
20 55 4
20 56 81
20 57 9
20 58 72
20 59 80
20 60 55
20 61 94
20 62 96
20 63 57
20 64 95
20 65 9
20 66 49
20 67 16
20 68 90
20 69 83
20 70 99
20 71 94
20 72 95
20 73 54
20 74 4
20 75 66
20 76 54
20 77 68
20 78 42
20 79 48
20 80 90
20 81 28
20 82 82
20 83 78
20 84 58
21 22 61
21 23 27
21 24 25
21 25 2
21 26 67
21 27 64
21 28 92
21 29 90
21 30 93
21 31 42
21 32 25
21 33 55
21 34 93
21 35 14
21 36 69
21 37 55
21 38 100
21 39 98
21 40 97
21 41 70
21 42 37
21 43 24
21 44 61
21 45 66
21 46 74
21 47 7
21 48 76
21 49 99
21 50 21
21 51 69
21 52 22
21 53 56
21 54 40
21 55 10
21 56 42
21 57 63
21 58 35
21 59 49
21 60 30
21 61 29
21 62 14
21 63 10
21 64 40
21 65 98
21 66 5
21 67 88
21 68 18
21 69 25
21 70 57
21 71 69
21 72 24
21 73 9
21 74 81
21 75 4
21 76 9
21 77 91
21 78 33
21 79 85
21 80 50
21 81 44
21 82 38
21 83 3
21 84 38
22 23 45
22 24 89
22 25 93
22 26 68
22 27 6
22 28 70
22 29 9
22 30 3
22 31 79
22 32 20
22 33 14
22 34 65
22 35 9
22 36 56
22 37 92
22 38 79
22 39 30
22 40 4
22 41 88
22 42 73
22 43 98
22 44 11
22 45 87
22 46 36
22 47 50
22 48 57
22 49 59
22 50 54
22 51 12
22 52 76
22 53 0
22 54 65
22 55 27
22 56 56
22 57 69
22 58 91
22 59 97
22 60 84
22 61 36
22 62 74
22 63 58
22 64 70
22 65 82
22 66 97
22 67 91
22 68 51
22 69 2
22 70 44
22 71 5
22 72 57
22 73 100
22 74 52
22 75 73
22 76 29
22 77 36
22 78 53
22 79 29
22 80 14
22 81 71
22 82 48
22 83 50
22 84 2
23 24 6
23 25 77
23 26 25
23 27 31
23 28 69
23 29 9
23 30 65
23 31 53
23 32 81
23 33 66
23 34 13
23 35 59
23 36 68
23 37 28
23 38 50
23 39 2
23 40 24
23 41 97
23 42 32
23 43 64
23 44 2
23 45 84
23 46 69
23 47 59
23 48 2
23 49 31
23 50 66
23 51 66
23 52 49
23 53 24
23 54 84
23 55 33
23 56 21
23 57 51
23 58 6
23 59 57
23 60 20
23 61 54
23 62 97
23 63 49
23 64 27
23 65 10
23 66 66
23 67 32
23 68 63
23 69 43
23 70 44
23 71 49
23 72 55
23 73 53
23 74 77
23 75 37
23 76 81
23 77 97
23 78 99
23 79 20
23 80 66
23 81 67
23 82 71
23 83 94
23 84 21
24 25 10
24 26 12
24 27 40
24 28 89
24 29 21
24 30 75
24 31 20
24 32 39
24 33 10
24 34 29
24 35 72
24 36 91
24 37 2
24 38 41
24 39 69
24 40 87
24 41 2
24 42 65
24 43 23
24 44 32
24 45 67
24 46 88
24 47 28
24 48 70
24 49 76
24 50 29
24 51 90
24 52 88
24 53 72
24 54 46
24 55 74
24 56 18
24 57 71
24 58 15
24 59 38
24 60 40
24 61 100
24 62 24
24 63 12
24 64 38
24 65 23
24 66 11
24 67 38
24 68 71
24 69 55
24 70 56
24 71 4
24 72 7
24 73 69
24 74 32
24 75 8
24 76 33
24 77 98
24 78 47
24 79 41
24 80 7
24 81 43
24 82 70
24 83 25
24 84 77
25 26 58
25 27 11
25 28 94
25 29 72
25 30 85
25 31 82
25 32 83
25 33 77
25 34 87
25 35 3
25 36 19
25 37 85
25 38 7
25 39 78
25 40 13
25 41 46
25 42 30
25 43 100
25 44 67
25 45 38
25 46 27
25 47 41
25 48 85
25 49 93
25 50 5
25 51 21
25 52 57
25 53 62
25 54 22
25 55 4
25 56 5
25 57 93
25 58 43
25 59 87
25 60 39
25 61 12
25 62 87
25 63 58
25 64 25
25 65 64
25 66 89
25 67 54
25 68 12
25 69 15
25 70 65
25 71 16
25 72 51
25 73 88
25 74 20
25 75 70
25 76 74
25 77 60
25 78 54
25 79 97
25 80 75
25 81 91
25 82 3
25 83 31
25 84 17
26 27 8
26 28 74
26 29 34
26 30 41
26 31 56
26 32 49
26 33 58
26 34 11
26 35 11
26 36 93
26 37 59
26 38 87
26 39 39
26 40 82
26 41 23
26 42 23
26 43 77
26 44 92
26 45 63
26 46 11
26 47 47
26 48 23
26 49 52
26 50 26
26 51 83
26 52 21
26 53 88
26 54 22
26 55 96
26 56 56
26 57 22
26 58 2
26 59 99
26 60 42
26 61 71
26 62 10
26 63 34
26 64 89
26 65 46
26 66 75
26 67 21
26 68 71
26 69 25
26 70 42
26 71 79
26 72 62
26 73 78
26 74 7
26 75 82
26 76 29
26 77 6
26 78 60
26 79 3
26 80 46
26 81 87
26 82 10
26 83 88
26 84 62
27 28 42
27 29 26
27 30 34
27 31 14
27 32 6
27 33 91
27 34 61
27 35 69
27 36 94
27 37 46
27 38 44
27 39 35
27 40 20
27 41 37
27 42 32
27 43 18
27 44 7
27 45 25
27 46 82
27 47 7
27 48 79
27 49 91
27 50 56
27 51 89
27 52 73
27 53 77
27 54 90
27 55 43
27 56 47
27 57 45
27 58 59
27 59 75
27 60 80
27 61 45
27 62 44
27 63 64
27 64 51
27 65 27
27 66 52
27 67 31
27 68 29
27 69 58
27 70 49
27 71 10
27 72 6
27 73 6
27 74 73
27 75 12
27 76 2
27 77 46
27 78 28
27 79 25
27 80 28
27 81 65
27 82 15
27 83 41
27 84 90
28 29 64
28 30 15
28 31 85
28 32 3
28 33 53
28 34 73
28 35 16
28 36 64
28 37 0
28 38 41
28 39 27
28 40 77
28 41 26
28 42 82
28 43 77
28 44 80
28 45 59
28 46 58
28 47 99
28 48 61
28 49 97
28 50 6
28 51 89
28 52 5
28 53 22
28 54 100
28 55 41
28 56 22
28 57 80
28 58 42
28 59 27
28 60 47
28 61 84
28 62 25
28 63 53
28 64 13
28 65 27
28 66 20
28 67 56
28 68 28
28 69 62
28 70 44
28 71 76
28 72 93
28 73 37
28 74 58
28 75 11
28 76 50
28 77 60
28 78 63
28 79 20
28 80 100
28 81 100
28 82 48
28 83 95
28 84 65
29 30 94
29 31 60
29 32 80
29 33 78
29 34 59
29 35 24
29 36 64
29 37 87
29 38 88
29 39 42
29 40 12
29 41 34
29 42 52
29 43 90
29 44 76
29 45 27
29 46 64
29 47 72
29 48 31
29 49 69
29 50 1
29 51 75
29 52 79
29 53 69
29 54 80
29 55 92
29 56 92
29 57 21
29 58 11
29 59 66
29 60 77
29 61 55
29 62 55
29 63 32
29 64 80
29 65 63
29 66 59
29 67 24
29 68 44
29 69 48
29 70 87
29 71 65
29 72 94
29 73 56
29 74 14
29 75 41
29 76 84
29 77 10
29 78 56
29 79 15
29 80 86
29 81 68
29 82 50
29 83 4
29 84 81
30 31 56
30 32 4
30 33 97
30 34 47
30 35 67
30 36 6
30 37 48
30 38 83
30 39 71
30 40 88
30 41 38
30 42 99
30 43 20
30 44 37
30 45 34
30 46 100
30 47 26
30 48 64
30 49 37
30 50 47
30 51 86
30 52 56
30 53 100
30 54 92
30 55 46
30 56 73
30 57 38
30 58 84
30 59 29
30 60 50
30 61 49
30 62 18
30 63 63
30 64 47
30 65 46
30 66 53
30 67 99
30 68 59
30 69 13
30 70 39
30 71 63
30 72 70
30 73 65
30 74 32
30 75 82
30 76 57
30 77 22
30 78 94
30 79 54
30 80 40
30 81 12
30 82 87
30 83 57
30 84 17
31 32 2
31 33 10
31 34 17
31 35 86
31 36 44
31 37 94
31 38 42
31 39 80
31 40 22
31 41 97
31 42 96
31 43 11
31 44 49
31 45 54
31 46 3
31 47 48
31 48 2
31 49 14
31 50 15
31 51 70
31 52 22
31 53 34
31 54 19
31 55 10
31 56 64
31 57 41
31 58 16
31 59 19
31 60 26
31 61 94
31 62 24
31 63 45
31 64 20
31 65 69
31 66 26
31 67 81
31 68 97
31 69 24
31 70 6
31 71 88
31 72 26
31 73 53
31 74 23
31 75 15
31 76 22
31 77 57
31 78 41
31 79 86
31 80 99
31 81 11
31 82 73
31 83 65
31 84 10
32 33 22
32 34 30
32 35 82
32 36 12
32 37 24
32 38 48
32 39 38
32 40 27
32 41 15
32 42 89
32 43 91
32 44 16
32 45 88
32 46 95
32 47 63
32 48 67
32 49 8
32 50 96
32 51 2
32 52 11
32 53 17
32 54 15
32 55 99
32 56 32
32 57 94
32 58 66
32 59 91
32 60 45
32 61 21
32 62 61
32 63 22
32 64 17
32 65 9
32 66 32
32 67 13
32 68 59
32 69 13
32 70 19
32 71 42
32 72 21
32 73 51
32 74 62
32 75 10
32 76 80
32 77 92
32 78 35
32 79 38
32 80 6
32 81 70
32 82 74
32 83 82
32 84 85
33 34 23
33 35 7
33 36 90
33 37 94
33 38 64
33 39 57
33 40 3
33 41 22
33 42 81
33 43 48
33 44 49
33 45 89
33 46 96
33 47 67
33 48 36
33 49 78
33 50 77
33 51 26
33 52 65
33 53 29
33 54 51
33 55 16
33 56 51
33 57 91
33 58 79
33 59 93
33 60 87
33 61 42
33 62 80
33 63 93
33 64 94
33 65 3
33 66 59
33 67 74
33 68 58
33 69 30
33 70 96
33 71 37
33 72 2
33 73 63
33 74 74
33 75 19
33 76 18
33 77 70
33 78 13
33 79 72
33 80 76
33 81 71
33 82 47
33 83 87
33 84 52
34 35 25
34 36 2
34 37 30
34 38 53
34 39 43
34 40 1
34 41 45
34 42 12
34 43 70
34 44 0
34 45 7
34 46 17
34 47 42
34 48 99
34 49 9
34 50 60
34 51 67
34 52 74
34 53 66
34 54 37
34 55 20
34 56 17
34 57 14
34 58 32
34 59 61
34 60 2
34 61 42
34 62 20
34 63 88
34 64 34
34 65 84
34 66 7
34 67 54
34 68 3
34 69 74
34 70 68
34 71 81
34 72 74
34 73 0
34 74 88
34 75 100
34 76 6
34 77 12
34 78 33
34 79 96
34 80 36
34 81 12
34 82 2
34 83 6
34 84 84
35 36 36
35 37 83
35 38 87
35 39 92
35 40 39
35 41 66
35 42 22
35 43 1
35 44 22
35 45 51
35 46 81
35 47 65
35 48 33
35 49 25
35 50 2
35 51 95
35 52 44
35 53 86
35 54 4
35 55 96
35 56 85
35 57 23
35 58 12
35 59 21
35 60 83
35 61 77
35 62 31
35 63 64
35 64 97
35 65 72
35 66 17
35 67 11
35 68 45
35 69 78
35 70 78
35 71 95
35 72 94
35 73 24
35 74 82
35 75 19
35 76 48
35 77 42
35 78 70
35 79 39
35 80 75
35 81 93
35 82 97
35 83 34
35 84 92
36 37 26
36 38 46
36 39 10
36 40 59
36 41 96
36 42 15
36 43 47
36 44 62
36 45 66
36 46 33
36 47 54
36 48 89
36 49 68
36 50 7
36 51 34
36 52 94
36 53 8
36 54 90
36 55 31
36 56 46
36 57 50
36 58 34
36 59 51
36 60 28
36 61 68
36 62 63
36 63 88
36 64 17
36 65 33
36 66 40
36 67 15
36 68 13
36 69 46
36 70 75
36 71 49
36 72 3
36 73 67
36 74 66
36 75 60
36 76 67
36 77 68
36 78 37
36 79 33
36 80 59
36 81 79
36 82 31
36 83 70
36 84 50
37 38 58
37 39 74
37 40 84
37 41 63
37 42 11
37 43 94
37 44 36
37 45 73
37 46 47
37 47 31
37 48 5
37 49 79
37 50 62
37 51 12
37 52 90
37 53 14
37 54 69
37 55 34
37 56 91
37 57 11
37 58 21
37 59 28
37 60 30
37 61 65
37 62 2
37 63 63
37 64 89
37 65 16
37 66 83
37 67 42
37 68 23
37 69 13
37 70 31
37 71 29
37 72 9
37 73 30
37 74 73
37 75 46
37 76 49
37 77 75
37 78 14
37 79 10
37 80 26
37 81 8
37 82 72
37 83 27
37 84 4
38 39 10
38 40 34
38 41 78
38 42 47
38 43 54
38 44 95
38 45 2
38 46 46
38 47 79
38 48 0
38 49 19
38 50 37
38 51 97
38 52 71
38 53 40
38 54 91
38 55 69
38 56 18
38 57 20
38 58 34
38 59 48
38 60 89
38 61 46
38 62 93
38 63 6
38 64 48
38 65 40
38 66 5
38 67 29
38 68 88
38 69 1
38 70 78
38 71 27
38 72 88
38 73 23
38 74 80
38 75 98
38 76 44
38 77 41
38 78 76
38 79 81
38 80 14
38 81 75
38 82 98
38 83 68
38 84 64
39 40 49
39 41 28
39 42 94
39 43 25
39 44 39
39 45 19
39 46 87
39 47 75
39 48 39
39 49 42
39 50 84
39 51 84
39 52 21
39 53 70
39 54 57
39 55 82
39 56 96
39 57 57
39 58 44
39 59 59
39 60 61
39 61 50
39 62 66
39 63 39
39 64 85
39 65 84
39 66 5
39 67 71
39 68 2
39 69 40
39 70 66
39 71 65
39 72 8
39 73 1
39 74 70
39 75 72
39 76 54
39 77 59
39 78 45
39 79 81
39 80 53
39 81 26
39 82 6
39 83 18
39 84 1
40 41 80
40 42 74
40 43 40
40 44 17
40 45 65
40 46 21
40 47 72
40 48 98
40 49 72
40 50 19
40 51 1
40 52 89
40 53 79
40 54 21
40 55 57
40 56 83
40 57 11
40 58 56
40 59 0
40 60 66
40 61 98
40 62 74
40 63 75
40 64 85
40 65 1
40 66 25
40 67 70
40 68 90
40 69 14
40 70 2
40 71 32
40 72 10
40 73 60
40 74 81
40 75 41
40 76 27
40 77 21
40 78 23
40 79 59
40 80 40
40 81 80
40 82 27
40 83 34
40 84 67
41 42 54
41 43 1
41 44 36
41 45 44
41 46 73
41 47 67
41 48 59
41 49 56
41 50 99
41 51 12
41 52 49
41 53 13
41 54 69
41 55 59
41 56 92
41 57 100
41 58 76
41 59 49
41 60 69
41 61 9
41 62 4
41 63 89
41 64 72
41 65 50
41 66 50
41 67 55
41 68 48
41 69 50
41 70 98
41 71 79
41 72 40
41 73 36
41 74 79
41 75 12
41 76 44
41 77 97
41 78 1
41 79 98
41 80 19
41 81 47
41 82 91
41 83 70
41 84 86
42 43 1
42 44 33
42 45 25
42 46 58
42 47 66
42 48 29
42 49 43
42 50 21
42 51 21
42 52 16
42 53 6
42 54 84
42 55 83
42 56 39
42 57 38
42 58 75
42 59 5
42 60 1
42 61 43
42 62 28
42 63 72
42 64 77
42 65 0
42 66 18
42 67 80
42 68 54
42 69 31
42 70 79
42 71 85
42 72 4
42 73 86
42 74 40
42 75 56
42 76 50
42 77 92
42 78 32
42 79 3
42 80 98
42 81 23
42 82 72
42 83 70
42 84 16
43 44 78
43 45 18
43 46 35
43 47 73
43 48 85
43 49 64
43 50 74
43 51 59
43 52 39
43 53 43
43 54 6
43 55 0
43 56 63
43 57 11
43 58 37
43 59 54
43 60 3
43 61 61
43 62 3
43 63 41
43 64 95
43 65 71
43 66 20
43 67 58
43 68 26
43 69 72
43 70 74
43 71 63
43 72 21
43 73 95
43 74 1
43 75 71
43 76 94
43 77 96
43 78 54
43 79 28
43 80 54
43 81 9
43 82 84
43 83 56
43 84 27
44 45 63
44 46 42
44 47 23
44 48 88
44 49 49
44 50 11
44 51 42
44 52 66
44 53 50
44 54 47
44 55 44
44 56 78
44 57 95
44 58 45
44 59 35
44 60 76
44 61 43
44 62 46
44 63 4
44 64 39
44 65 58
44 66 68
44 67 37
44 68 35
44 69 8
44 70 95
44 71 69
44 72 7
44 73 39
44 74 61
44 75 40
44 76 21
44 77 25
44 78 6
44 79 57
44 80 84
44 81 98
44 82 17
44 83 37
44 84 29
45 46 7
45 47 11
45 48 9
45 49 64
45 50 13
45 51 17
45 52 99
45 53 92
45 54 38
45 55 81
45 56 36
45 57 47
45 58 19
45 59 20
45 60 96
45 61 2
45 62 51
45 63 96
45 64 91
45 65 11
45 66 47
45 67 7
45 68 81
45 69 88
45 70 36
45 71 95
45 72 13
45 73 34
45 74 60
45 75 7
45 76 92
45 77 55
45 78 96
45 79 79
45 80 13
45 81 74
45 82 15
45 83 2
45 84 95
46 47 6
46 48 24
46 49 18
46 50 69
46 51 86
46 52 2
46 53 4
46 54 96
46 55 13
46 56 79
46 57 6
46 58 32
46 59 41
46 60 16
46 61 72
46 62 61
46 63 19
46 64 3
46 65 73
46 66 87
46 67 75
46 68 82
46 69 43
46 70 80
46 71 16
46 72 23
46 73 33
46 74 26
46 75 90
46 76 79
46 77 16
46 78 18
46 79 13
46 80 85
46 81 27
46 82 5
46 83 97
46 84 93
47 48 64
47 49 44
47 50 88
47 51 48
47 52 90
47 53 69
47 54 14
47 55 4
47 56 23
47 57 52
47 58 43
47 59 14
47 60 2
47 61 37
47 62 28
47 63 4
47 64 85
47 65 85
47 66 16
47 67 40
47 68 82
47 69 35
47 70 90
47 71 33
47 72 46
47 73 28
47 74 29
47 75 2
47 76 46
47 77 70
47 78 51
47 79 56
47 80 47
47 81 56
47 82 85
47 83 54
47 84 53
48 49 18
48 50 40
48 51 99
48 52 47
48 53 24
48 54 45
48 55 80
48 56 57
48 57 12
48 58 84
48 59 14
48 60 53
48 61 28
48 62 91
48 63 96
48 64 34
48 65 24
48 66 47
48 67 21
48 68 81
48 69 44
48 70 47
48 71 72
48 72 48
48 73 5
48 74 11
48 75 48
48 76 23
48 77 7
48 78 100
48 79 17
48 80 37
48 81 7
48 82 8
48 83 70
48 84 51
49 50 86
49 51 21
49 52 12
49 53 18
49 54 23
49 55 72
49 56 91
49 57 11
49 58 62
49 59 23
49 60 8
49 61 4
49 62 81
49 63 48
49 64 71
49 65 66
49 66 14
49 67 11
49 68 10
49 69 44
49 70 75
49 71 95
49 72 98
49 73 21
49 74 36
49 75 3
49 76 24
49 77 54
49 78 28
49 79 61
49 80 91
49 81 81
49 82 6
49 83 90
49 84 22
50 51 83
50 52 66
50 53 42
50 54 16
50 55 42
50 56 51
50 57 10
50 58 40
50 59 69
50 60 9
50 61 56
50 62 33
50 63 53
50 64 54
50 65 96
50 66 83
50 67 2
50 68 10
50 69 99
50 70 42
50 71 23
50 72 40
50 73 97
50 74 88
50 75 98
50 76 1
50 77 75
50 78 97
50 79 80
50 80 31
50 81 34
50 82 25
50 83 56
50 84 67
51 52 18
51 53 49
51 54 18
51 55 71
51 56 89
51 57 7
51 58 87
51 59 94
51 60 19
51 61 33
51 62 83
51 63 80
51 64 51
51 65 38
51 66 39
51 67 53
51 68 84
51 69 37
51 70 15
51 71 98
51 72 83
51 73 56
51 74 70
51 75 99
51 76 93
51 77 88
51 78 100
51 79 75
51 80 92
51 81 27
51 82 55
51 83 26
51 84 17
52 53 15
52 54 39
52 55 26
52 56 87
52 57 15
52 58 69
52 59 52
52 60 6
52 61 26
52 62 84
52 63 54
52 64 73
52 65 14
52 66 92
52 67 0
52 68 90
52 69 54
52 70 12
52 71 82
52 72 16
52 73 90
52 74 29
52 75 8
52 76 48
52 77 50
52 78 84
52 79 92
52 80 76
52 81 80
52 82 89
52 83 12
52 84 20
53 54 95
53 55 31
53 56 75
53 57 28
53 58 55
53 59 38
53 60 10
53 61 31
53 62 57
53 63 9
53 64 77
53 65 59
53 66 90
53 67 13
53 68 63
53 69 35
53 70 98
53 71 92
53 72 35
53 73 79
53 74 55
53 75 100
53 76 2
53 77 8
53 78 81
53 79 40
53 80 81
53 81 26
53 82 69
53 83 45
53 84 6
54 55 67
54 56 53
54 57 21
54 58 19
54 59 5
54 60 27
54 61 8
54 62 54
54 63 10
54 64 1
54 65 52
54 66 33
54 67 62
54 68 35
54 69 26
54 70 50
54 71 90
54 72 16
54 73 18
54 74 21
54 75 20
54 76 27
54 77 62
54 78 64
54 79 92
54 80 4
54 81 65
54 82 4
54 83 0
54 84 18
55 56 86
55 57 76
55 58 36
55 59 10
55 60 42
55 61 54
55 62 47
55 63 16
55 64 74
55 65 51
55 66 96
55 67 45
55 68 28
55 69 12
55 70 12
55 71 29
55 72 76
55 73 85
55 74 2
55 75 58
55 76 90
55 77 22
55 78 68
55 79 32
55 80 53
55 81 54
55 82 2
55 83 19
55 84 82
56 57 34
56 58 27
56 59 82
56 60 23
56 61 84
56 62 9
56 63 19
56 64 98
56 65 2
56 66 33
56 67 5
56 68 22
56 69 34
56 70 16
56 71 89
56 72 43
56 73 96
56 74 18
56 75 76
56 76 8
56 77 91
56 78 79
56 79 87
56 80 41
56 81 41
56 82 79
56 83 8
56 84 13
57 58 70
57 59 18
57 60 60
57 61 87
57 62 88
57 63 50
57 64 20
57 65 84
57 66 12
57 67 94
57 68 62
57 69 90
57 70 20
57 71 94
57 72 33
57 73 37
57 74 96
57 75 42
57 76 65
57 77 49
57 78 6
57 79 35
57 80 62
57 81 74
57 82 36
57 83 34
57 84 8
58 59 99
58 60 4
58 61 55
58 62 31
58 63 75
58 64 46
58 65 31
58 66 36
58 67 94
58 68 41
58 69 2
58 70 77
58 71 56
58 72 73
58 73 39
58 74 14
58 75 79
58 76 24
58 77 70
58 78 5
58 79 19
58 80 99
58 81 9
58 82 55
58 83 46
58 84 87
59 60 36
59 61 96
59 62 9
59 63 81
59 64 23
59 65 15
59 66 37
59 67 77
59 68 51
59 69 27
59 70 69
59 71 84
59 72 1
59 73 85
59 74 14
59 75 4
59 76 41
59 77 13
59 78 78
59 79 31
59 80 49
59 81 76
59 82 84
59 83 72
59 84 48
60 61 26
60 62 74
60 63 50
60 64 78
60 65 40
60 66 26
60 67 18
60 68 50
60 69 62
60 70 23
60 71 83
60 72 48
60 73 93
60 74 95
60 75 82
60 76 28
60 77 28
60 78 47
60 79 50
60 80 98
60 81 62
60 82 46
60 83 69
60 84 97
61 62 55
61 63 60
61 64 60
61 65 27
61 66 75
61 67 41
61 68 98
61 69 15
61 70 40
61 71 65
61 72 34
61 73 86
61 74 91
61 75 9
61 76 68
61 77 45
61 78 41
61 79 75
61 80 39
61 81 6
61 82 88
61 83 70
61 84 77
62 63 44
62 64 62
62 65 18
62 66 59
62 67 21
62 68 47
62 69 78
62 70 30
62 71 13
62 72 96
62 73 18
62 74 67
62 75 72
62 76 99
62 77 57
62 78 21
62 79 77
62 80 81
62 81 73
62 82 43
62 83 1
62 84 25
63 64 51
63 65 8
63 66 44
63 67 94
63 68 50
63 69 50
63 70 47
63 71 8
63 72 96
63 73 85
63 74 23
63 75 38
63 76 71
63 77 57
63 78 16
63 79 36
63 80 10
63 81 46
63 82 49
63 83 62
63 84 56
64 65 39
64 66 48
64 67 84
64 68 21
64 69 92
64 70 68
64 71 86
64 72 74
64 73 58
64 74 87
64 75 14
64 76 20
64 77 47
64 78 17
64 79 76
64 80 42
64 81 26
64 82 98
64 83 66
64 84 60
65 66 39
65 67 51
65 68 68
65 69 86
65 70 78
65 71 85
65 72 3
65 73 44
65 74 48
65 75 84
65 76 76
65 77 85
65 78 17
65 79 99
65 80 30
65 81 2
65 82 100
65 83 34
65 84 36
66 67 99
66 68 75
66 69 34
66 70 6
66 71 25
66 72 99
66 73 44
66 74 28
66 75 84
66 76 90
66 77 54
66 78 88
66 79 67
66 80 13
66 81 66
66 82 35
66 83 19
66 84 22
67 68 29
67 69 43
67 70 22
67 71 56
67 72 26
67 73 28
67 74 35
67 75 16
67 76 92
67 77 65
67 78 24
67 79 0
67 80 30
67 81 97
67 82 63
67 83 69
67 84 8
68 69 97
68 70 23
68 71 21
68 72 44
68 73 38
68 74 88
68 75 89
68 76 81
68 77 52
68 78 59
68 79 57
68 80 51
68 81 77
68 82 2
68 83 99
68 84 79
69 70 32
69 71 97
69 72 57
69 73 35
69 74 53
69 75 3
69 76 24
69 77 28
69 78 76
69 79 96
69 80 45
69 81 70
69 82 67
69 83 73
69 84 82
70 71 96
70 72 49
70 73 12
70 74 77
70 75 94
70 76 55
70 77 57
70 78 56
70 79 65
70 80 77
70 81 29
70 82 7
70 83 49
70 84 29
71 72 66
71 73 24
71 74 60
71 75 12
71 76 38
71 77 92
71 78 99
71 79 34
71 80 49
71 81 64
71 82 8
71 83 76
71 84 65
72 73 25
72 74 94
72 75 39
72 76 34
72 77 90
72 78 29
72 79 0
72 80 95
72 81 23
72 82 99
72 83 97
72 84 19
73 74 63
73 75 25
73 76 11
73 77 88
73 78 4
73 79 74
73 80 6
73 81 23
73 82 95
73 83 83
73 84 22
74 75 22
74 76 39
74 77 64
74 78 79
74 79 43
74 80 75
74 81 80
74 82 84
74 83 58
74 84 78
75 76 39
75 77 86
75 78 99
75 79 25
75 80 84
75 81 0
75 82 56
75 83 32
75 84 43
76 77 85
76 78 60
76 79 2
76 80 9
76 81 3
76 82 32
76 83 9
76 84 92
77 78 34
77 79 1
77 80 8
77 81 59
77 82 78
77 83 44
77 84 74
78 79 5
78 80 11
78 81 59
78 82 93
78 83 66
78 84 85
79 80 60
79 81 53
79 82 86
79 83 83
79 84 14
80 81 54
80 82 15
80 83 78
80 84 92
81 82 56
81 83 100
81 84 51
82 83 52
82 84 62
83 84 56
