85 3570
1 2 12
1 3 77
1 4 90
1 5 64
1 6 70
1 7 13
1 8 100
1 9 98
1 10 68
1 11 61
1 12 1
1 13 49
1 14 80
1 15 57
1 16 18
1 17 14
1 18 79
1 19 19
1 20 24
1 21 56
1 22 13
1 23 6
1 24 57
1 25 30
1 26 62
1 27 29
1 28 76
1 29 17
1 30 99
1 31 9
1 32 22
1 33 85
1 34 29
1 35 24
1 36 69
1 37 56
1 38 27
1 39 11
1 40 73
1 41 50
1 42 56
1 43 19
1 44 77
1 45 10
1 46 6
1 47 30
1 48 2
1 49 78
1 50 49
1 51 2
1 52 45
1 53 61
1 54 0
1 55 36
1 56 44
1 57 76
1 58 89
1 59 0
1 60 30
1 61 1
1 62 37
1 63 80
1 64 44
1 65 74
1 66 94
1 67 47
1 68 59
1 69 52
1 70 0
1 71 60
1 72 6
1 73 61
1 74 62
1 75 67
1 76 4
1 77 31
1 78 49
1 79 8
1 80 82
1 81 8
1 82 63
1 83 41
1 84 40
1 85 76
2 3 21
2 4 97
2 5 4
2 6 38
2 7 22
2 8 8
2 9 86
2 10 59
2 11 9
2 12 57
2 13 18
2 14 1
2 15 38
2 16 24
2 17 11
2 18 67
2 19 31
2 20 66
2 21 54
2 22 77
2 23 26
2 24 61
2 25 94
2 26 55
2 27 21
2 28 30
2 29 79
2 30 2
2 31 53
2 32 6
2 33 56
2 34 74
2 35 86
2 36 60
2 37 1
2 38 55
2 39 55
2 40 72
2 41 17
2 42 86
2 43 42
2 44 59
2 45 10
2 46 78
2 47 89
2 48 23
2 49 98
2 50 83
2 51 57
2 52 5
2 53 1
2 54 6
2 55 8
2 56 78
2 57 89
2 58 13
2 59 80
2 60 66
2 61 28
2 62 43
2 63 87
2 64 36
2 65 25
2 66 82
2 67 24
2 68 93
2 69 27
2 70 54
2 71 83
2 72 48
2 73 68
2 74 41
2 75 49
2 76 46
2 77 68
2 78 50
2 79 87
2 80 86
2 81 27
2 82 84
2 83 90
2 84 33
2 85 90
3 4 53
3 5 74
3 6 44
3 7 57
3 8 40
3 9 22
3 10 54
3 11 95
3 12 39
3 13 42
3 14 85
3 15 85
3 16 10
3 17 43
3 18 71
3 19 46
3 20 20
3 21 97
3 22 82
3 23 40
3 24 31
3 25 53
3 26 3
3 27 22
3 28 4
3 29 89
3 30 82
3 31 49
3 32 0
3 33 71
3 34 74
3 35 16
3 36 69
3 37 31
3 38 47
3 39 38
3 40 22
3 41 78
3 42 85
3 43 70
3 44 16
3 45 90
3 46 15
3 47 8
3 48 96
3 49 75
3 50 57
3 51 3
3 52 5
3 53 75
3 54 87
3 55 85
3 56 59
3 57 0
3 58 67
3 59 49
3 60 83
3 61 67
3 62 14
3 63 98
3 64 30
3 65 17
3 66 14
3 67 8
3 68 14
3 69 100
3 70 30
3 71 45
3 72 82
3 73 92
3 74 75
3 75 10
3 76 67
3 77 46
3 78 29
3 79 58
3 80 60
3 81 22
3 82 55
3 83 68
3 84 40
3 85 56
4 5 95
4 6 40
4 7 61
4 8 15
4 9 87
4 10 53
4 11 84
4 12 19
4 13 68
4 14 49
4 15 33
4 16 41
4 17 26
4 18 40
4 19 89
4 20 26
4 21 99
4 22 7
4 23 20
4 24 23
4 25 85
4 26 53
4 27 52
4 28 3
4 29 29
4 30 83
4 31 50
4 32 94
4 33 49
4 34 52
4 35 20
4 36 9
4 37 92
4 38 91
4 39 29
4 40 4
4 41 45
4 42 2
4 43 19
4 44 69
4 45 9
4 46 37
4 47 91
4 48 37
4 49 73
4 50 9
4 51 24
4 52 98
4 53 32
4 54 90
4 55 74
4 56 6
4 57 65
4 58 3
4 59 32
4 60 4
4 61 75
4 62 1
4 63 33
4 64 45
4 65 38
4 66 71
4 67 19
4 68 3
4 69 97
4 70 16
4 71 86
4 72 15
4 73 24
4 74 13
4 75 65
4 76 88
4 77 19
4 78 97
4 79 85
4 80 90
4 81 28
4 82 60
4 83 29
4 84 43
4 85 67
5 6 72
5 7 9
5 8 67
5 9 22
5 10 6
5 11 44
5 12 40
5 13 14
5 14 40
5 15 49
5 16 2
5 17 75
5 18 16
5 19 52
5 20 11
5 21 38
5 22 27
5 23 49
5 24 72
5 25 56
5 26 79
5 27 82
5 28 57
5 29 64
5 30 7
5 31 21
5 32 100
5 33 59
5 34 60
5 35 99
5 36 20
5 37 51
5 38 24
5 39 12
5 40 89
5 41 56
5 42 60
5 43 31
5 44 31
5 45 45
5 46 61
5 47 89
5 48 21
5 49 14
5 50 11
5 51 33
5 52 81
5 53 38
5 54 52
5 55 60
5 56 100
5 57 3
5 58 77
5 59 38
5 60 19
5 61 19
5 62 79
5 63 88
5 64 14
5 65 57
5 66 79
5 67 94
5 68 4
5 69 86
5 70 4
5 71 93
5 72 85
5 73 77
5 74 5
5 75 78
5 76 75
5 77 79
5 78 31
5 79 26
5 80 82
5 81 84
5 82 97
5 83 69
5 84 29
5 85 11
6 7 25
6 8 93
6 9 96
6 10 5
6 11 86
6 12 81
6 13 99
6 14 43
6 15 9
6 16 89
6 17 41
6 18 48
6 19 44
6 20 14
6 21 77
6 22 28
6 23 66
6 24 94
6 25 82
6 26 39
6 27 95
6 28 67
6 29 82
6 30 23
6 31 82
6 32 39
6 33 42
6 34 19
6 35 22
6 36 54
6 37 85
6 38 59
6 39 22
6 40 7
6 41 43
6 42 9
6 43 99
6 44 74
6 45 55
6 46 21
6 47 96
6 48 54
6 49 35
6 50 42
6 51 10
6 52 21
6 53 1
6 54 85
6 55 16
6 56 38
6 57 59
6 58 83
6 59 79
6 60 63
6 61 43
6 62 35
6 63 73
6 64 98
6 65 84
6 66 37
6 67 59
6 68 2
6 69 91
6 70 29
6 71 76
6 72 91
6 73 42
6 74 66
6 75 31
6 76 18
6 77 14
6 78 10
6 79 61
6 80 80
6 81 2
6 82 36
6 83 57
6 84 20
6 85 0
7 8 46
7 9 42
7 10 82
7 11 55
7 12 78
7 13 34
7 14 47
7 15 44
7 16 50
7 17 24
7 18 93
7 19 22
7 20 70
7 21 43
7 22 49
7 23 13
7 24 3
7 25 64
7 26 89
7 27 53
7 28 68
7 29 38
7 30 59
7 31 98
7 32 68
7 33 42
7 34 67
7 35 100
7 36 39
7 37 93
7 38 40
7 39 61
7 40 5
7 41 98
7 42 27
7 43 50
7 44 36
7 45 68
7 46 60
7 47 35
7 48 65
7 49 44
7 50 34
7 51 49
7 52 27
7 53 92
7 54 74
7 55 24
7 56 69
7 57 89
7 58 37
7 59 61
7 60 63
7 61 15
7 62 56
7 63 39
7 64 60
7 65 33
7 66 11
7 67 8
7 68 59
7 69 62
7 70 46
7 71 100
7 72 89
7 73 20
7 74 45
7 75 64
7 76 54
7 77 86
7 78 95
7 79 59
7 80 80
7 81 94
7 82 15
7 83 63
7 84 54
7 85 21
8 9 92
8 10 97
8 11 65
8 12 29
8 13 88
8 14 76
8 15 2
8 16 6
8 17 58
8 18 33
8 19 79
8 20 1
8 21 64
8 22 24
8 23 55
8 24 28
8 25 0
8 26 22
8 27 45
8 28 24
8 29 76
8 30 44
8 31 26
8 32 18
8 33 54
8 34 3
8 35 93
8 36 83
8 37 91
8 38 20
8 39 98
8 40 31
8 41 64
8 42 99
8 43 13
8 44 90
8 45 30
8 46 66
8 47 53
8 48 51
8 49 20
8 50 70
8 51 52
8 52 23
8 53 17
8 54 26
8 55 8
8 56 40
8 57 64
8 58 74
8 59 17
8 60 48
8 61 4
8 62 30
8 63 73
8 64 49
8 65 25
8 66 64
8 67 0
8 68 8
8 69 44
8 70 20
8 71 82
8 72 91
8 73 84
8 74 8
8 75 44
8 76 41
8 77 14
8 78 15
8 79 54
8 80 76
8 81 96
8 82 79
8 83 58
8 84 100
8 85 77
9 10 64
9 11 73
9 12 67
9 13 99
9 14 10
9 15 21
9 16 85
9 17 37
9 18 72
9 19 13
9 20 5
9 21 4
9 22 33
9 23 1
9 24 13
9 25 25
9 26 34
9 27 36
9 28 61
9 29 86
9 30 47
9 31 49
9 32 95
9 33 27
9 34 78
9 35 85
9 36 92
9 37 74
9 38 9
9 39 7
9 40 54
9 41 73
9 42 89
9 43 40
9 44 68
9 45 78
9 46 33
9 47 3
9 48 85
9 49 17
9 50 49
9 51 7
9 52 78
9 53 49
9 54 39
9 55 99
9 56 11
9 57 100
9 58 8
9 59 2
9 60 43
9 61 41
9 62 50
9 63 73
9 64 3
9 65 66
9 66 30
9 67 87
9 68 34
9 69 1
9 70 88
9 71 71
9 72 39
9 73 30
9 74 22
9 75 63
9 76 97
9 77 91
9 78 99
9 79 4
9 80 89
9 81 1
9 82 33
9 83 67
9 84 34
9 85 63
10 11 37
10 12 9
10 13 44
10 14 99
10 15 80
10 16 1
10 17 41
10 18 100
10 19 19
10 20 10
10 21 93
10 22 21
10 23 28
10 24 77
10 25 96
10 26 14
10 27 100
10 28 31
10 29 58
10 30 64
10 31 23
10 32 12
10 33 24
10 34 72
10 35 66
10 36 1
10 37 33
10 38 19
10 39 49
10 40 66
10 41 56
10 42 83
10 43 15
10 44 9
10 45 48
10 46 12
10 47 94
10 48 21
10 49 15
10 50 91
10 51 59
10 52 83
10 53 2
10 54 15
10 55 43
10 56 45
10 57 82
10 58 98
10 59 89
10 60 21
10 61 30
10 62 28
10 63 45
10 64 89
10 65 11
10 66 93
10 67 45
10 68 76
10 69 53
10 70 91
10 71 41
10 72 2
10 73 85
10 74 77
10 75 57
10 76 92
10 77 34
10 78 0
10 79 16
10 80 49
10 81 53
10 82 100
10 83 65
10 84 19
10 85 0
11 12 68
11 13 4
11 14 15
11 15 81
11 16 85
11 17 14
11 18 1
11 19 99
11 20 2
11 21 66
11 22 0
11 23 61
11 24 2
11 25 13
11 26 71
11 27 0
11 28 83
11 29 25
11 30 68
11 31 50
11 32 90
11 33 86
11 34 12
11 35 64
11 36 92
11 37 29
11 38 59
11 39 4
11 40 47
11 41 16
11 42 47
11 43 31
11 44 62
11 45 76
11 46 19
11 47 10
11 48 31
11 49 40
11 50 88
11 51 95
11 52 89
11 53 77
11 54 94
11 55 39
11 56 8
11 57 49
11 58 21
11 59 49
11 60 76
11 61 34
11 62 77
11 63 60
11 64 62
11 65 44
11 66 85
11 67 18
11 68 12
11 69 23
11 70 42
11 71 69
11 72 82
11 73 80
11 74 97
11 75 37
11 76 91
11 77 65
11 78 51
11 79 84
11 80 74
11 81 81
11 82 57
11 83 6
11 84 59
11 85 45
12 13 25
12 14 97
12 15 19
12 16 78
12 17 79
12 18 1
12 19 36
12 20 50
12 21 31
12 22 96
12 23 77
12 24 64
12 25 56
12 26 47
12 27 50
12 28 51
12 29 9
12 30 17
12 31 36
12 32 55
12 33 22
12 34 18
12 35 72
12 36 21
12 37 1
12 38 24
12 39 73
12 40 37
12 41 31
12 42 25
12 43 72
12 44 50
12 45 8
12 46 0
12 47 91
12 48 16
12 49 1
12 50 83
12 51 60
12 52 25
12 53 61
12 54 54
12 55 98
12 56 12
12 57 25
12 58 56
12 59 16
12 60 16
12 61 16
12 62 48
12 63 87
12 64 4
12 65 73
12 66 98
12 67 70
12 68 34
12 69 48
12 70 15
12 71 64
12 72 41
12 73 45
12 74 71
12 75 37
12 76 76
12 77 87
12 78 98
12 79 22
12 80 0
12 81 79
12 82 5
12 83 19
12 84 85
12 85 71
13 14 29
13 15 35
13 16 59
13 17 68
13 18 26
13 19 76
13 20 52
13 21 39
13 22 44
13 23 9
13 24 42
13 25 11
13 26 100
13 27 38
13 28 71
13 29 99
13 30 31
13 31 83
13 32 73
13 33 9
13 34 77
13 35 8
13 36 88
13 37 98
13 38 53
13 39 12
13 40 8
13 41 41
13 42 77
13 43 69
13 44 76
13 45 94
13 46 54
13 47 35
13 48 90
13 49 89
13 50 8
13 51 56
13 52 19
13 53 70
13 54 42
13 55 83
13 56 64
13 57 15
13 58 71
13 59 94
13 60 60
13 61 55
13 62 98
13 63 7
13 64 86
13 65 51
13 66 39
13 67 43
13 68 35
13 69 28
13 70 87
13 71 87
13 72 81
13 73 0
13 74 68
13 75 47
13 76 73
13 77 23
13 78 100
13 79 93
13 80 86
13 81 91
13 82 95
13 83 22
13 84 83
13 85 10
14 15 47
14 16 11
14 17 68
14 18 25
14 19 89
14 20 12
14 21 65
14 22 31
14 23 47
14 24 60
14 25 52
14 26 82
14 27 11
14 28 77
14 29 56
14 30 82
14 31 23
14 32 41
14 33 96
14 34 1
14 35 2
14 36 86
14 37 74
14 38 9
14 39 21
14 40 90
14 41 91
14 42 89
14 43 82
14 44 22
14 45 45
14 46 25
14 47 40
14 48 46
14 49 68
14 50 92
14 51 72
14 52 19
14 53 58
14 54 49
14 55 81
14 56 66
14 57 93
14 58 19
14 59 6
14 60 4
14 61 24
14 62 49
14 63 90
14 64 62
14 65 94
14 66 86
14 67 79
14 68 69
14 69 59
14 70 77
14 71 21
14 72 86
14 73 27
14 74 64
14 75 32
14 76 9
14 77 4
14 78 5
14 79 89
14 80 81
14 81 14
14 82 98
14 83 54
14 84 42
14 85 86
15 16 29
15 17 58
15 18 68
15 19 55
15 20 27
15 21 54
15 22 59
15 23 87
15 24 10
15 25 36
15 26 5
15 27 29
15 28 20
15 29 72
15 30 19
15 31 14
15 32 32
15 33 89
15 34 1
15 35 78
15 36 95
15 37 96
15 38 97
15 39 94
15 40 16
15 41 73
15 42 32
15 43 9
15 44 91
15 45 52
15 46 58
15 47 38
15 48 70
15 49 91
15 50 86
15 51 0
15 52 17
15 53 23
15 54 42
15 55 21
15 56 0
15 57 16
15 58 0
15 59 76
15 60 9
15 61 98
15 62 2
15 63 40
15 64 61
15 65 6
15 66 43
15 67 25
15 68 7
15 69 19
15 70 93
15 71 78
15 72 83
15 73 83
15 74 80
15 75 21
15 76 67
15 77 80
15 78 85
15 79 6
15 80 46
15 81 71
15 82 21
15 83 3
15 84 36
15 85 46
16 17 50
16 18 18
16 19 51
16 20 55
16 21 89
16 22 11
16 23 91
16 24 31
16 25 29
16 26 36
16 27 53
16 28 10
16 29 59
16 30 85
16 31 68
16 32 44
16 33 68
16 34 17
16 35 76
16 36 71
16 37 73
16 38 16
16 39 36
16 40 97
16 41 87
16 42 46
16 43 97
16 44 0
16 45 66
16 46 93
16 47 84
16 48 27
16 49 96
16 50 97
16 51 76
16 52 32
16 53 73
16 54 21
16 55 82
16 56 11
16 57 36
16 58 98
16 59 73
16 60 98
16 61 38
16 62 3
16 63 87
16 64 3
16 65 38
16 66 34
16 67 84
16 68 73
16 69 59
16 70 39
16 71 72
16 72 19
16 73 24
16 74 80
16 75 45
16 76 48
16 77 85
16 78 45
16 79 64
16 80 97
16 81 30
16 82 36
16 83 83
16 84 69
16 85 82
17 18 46
17 19 56
17 20 64
17 21 91
17 22 14
17 23 43
17 24 85
17 25 47
17 26 52
17 27 76
17 28 36
17 29 52
17 30 39
17 31 71
17 32 99
17 33 6
17 34 82
17 35 15
17 36 48
17 37 4
17 38 14
17 39 48
17 40 74
17 41 92
17 42 58
17 43 31
17 44 27
17 45 74
17 46 14
17 47 97
17 48 64
17 49 69
17 50 20
17 51 78
17 52 90
17 53 90
17 54 72
17 55 95
17 56 22
17 57 18
17 58 9
17 59 100
17 60 59
17 61 58
17 62 55
17 63 3
17 64 68
17 65 33
17 66 54
17 67 85
17 68 57
17 69 58
17 70 61
17 71 39
17 72 14
17 73 98
17 74 78
17 75 12
17 76 32
17 77 27
17 78 74
17 79 92
17 80 38
17 81 0
17 82 25
17 83 9
17 84 44
17 85 62
18 19 38
18 20 95
18 21 29
18 22 21
18 23 4
18 24 40
18 25 19
18 26 24
18 27 12
18 28 24
18 29 56
18 30 11
18 31 92
18 32 27
18 33 85
18 34 4
18 35 100
18 36 68
18 37 4
18 38 15
18 39 1
18 40 77
18 41 40
18 42 7
18 43 31
18 44 37
18 45 82
18 46 32
18 47 71
18 48 50
18 49 88
18 50 18
18 51 68
18 52 95
18 53 14
18 54 17
18 55 89
18 56 37
18 57 18
18 58 92
18 59 50
18 60 43
18 61 4
18 62 44
18 63 1
18 64 93
18 65 83
18 66 85
18 67 65
18 68 51
18 69 30
18 70 64
18 71 21
18 72 42
18 73 5
18 74 54
18 75 18
18 76 52
18 77 80
18 78 74
18 79 37
18 80 71
18 81 28
18 82 3
18 83 66
18 84 56
18 85 69
19 20 15
19 21 64
19 22 38
19 23 81
19 24 2
19 25 39
19 26 82
19 27 67
19 28 20
19 29 11
19 30 36
19 31 20
19 32 98
19 33 62
19 34 34
19 35 4
19 36 2
19 37 83
19 38 28
19 39 0
19 40 4
19 41 52
19 42 97
19 43 63
19 44 26
19 45 45
19 46 3
19 47 94
19 48 11
19 49 13
19 50 35
19 51 52
19 52 33
19 53 76
19 54 28
19 55 90
19 56 76
19 57 75
19 58 39
19 59 79
19 60 33
19 61 99
19 62 5
19 63 15
19 64 80
19 65 37
19 66 63
19 67 15
19 68 31
19 69 46
19 70 75
19 71 26
19 72 99
19 73 80
19 74 37
19 75 94
19 76 99
19 77 55
19 78 30
19 79 99
19 80 47
19 81 56
19 82 71
19 83 13
19 84 18
19 85 52
20 21 70
20 22 66
20 23 28
20 24 80
20 25 3
20 26 30
20 27 55
20 28 33
20 29 92
20 30 2
20 31 92
20 32 24
20 33 97
20 34 24
20 35 21
20 36 18
20 37 68
20 38 74
20 39 94
20 40 19
20 41 8
20 42 98
20 43 56
20 44 97
20 45 29
20 46 86
20 47 32
20 48 54
20 49 79
20 50 87
20 51 25
20 52 1
20 53 53
20 54 73
20 55 79
20 56 66
20 57 85
20 58 44
20 59 31
20 60 32
20 61 70
20 62 38
20 63 56
20 64 49
20 65 51
20 66 24
20 67 43
20 68 96
20 69 56
20 70 39
20 71 71
20 72 49
20 73 92
20 74 91
20 75 32
20 76 80
20 77 8
20 78 26
20 79 72
20 80 53
20 81 11
20 82 23
20 83 52
20 84 25
20 85 35
21 22 76
21 23 81
21 24 62
21 25 6
21 26 32
21 27 3
21 28 27
21 29 66
21 30 65
21 31 42
21 32 33
21 33 66
21 34 46
21 35 4
21 36 18
21 37 68
21 38 17
21 39 55
21 40 43
21 41 70
21 42 94
21 43 20
21 44 52
21 45 41
21 46 40
21 47 9
21 48 19
21 49 82
21 50 6
21 51 63
21 52 40
21 53 85
21 54 87
21 55 15
21 56 62
21 57 3
21 58 75
21 59 23
21 60 45
21 61 42
21 62 2
21 63 65
21 64 41
21 65 76
21 66 96
21 67 12
21 68 52
21 69 64
21 70 10
21 71 39
21 72 69
21 73 51
21 74 70
21 75 95
21 76 17
21 77 48
21 78 12
21 79 36
21 80 8
21 81 27
21 82 95
21 83 90
21 84 79
21 85 88
22 23 21
22 24 70
22 25 0
22 26 28
22 27 12
22 28 39
22 29 66
22 30 41
22 31 1
22 32 75
22 33 34
22 34 63
22 35 8
22 36 74
22 37 42
22 38 72
22 39 52
22 40 44
22 41 91
22 42 7
22 43 80
22 44 90
22 45 27
22 46 93
22 47 76
22 48 55
22 49 50
22 50 49
22 51 17
22 52 5
22 53 56
22 54 61
22 55 45
22 56 51
22 57 20
22 58 90
22 59 72
22 60 3
22 61 70
22 62 44
22 63 71
22 64 64
22 65 40
22 66 41
22 67 30
22 68 25
22 69 43
22 70 70
22 71 82
22 72 1
22 73 8
22 74 47
22 75 12
22 76 50
22 77 23
22 78 71
22 79 63
22 80 37
22 81 16
22 82 100
22 83 6
22 84 7
22 85 29
23 24 58
23 25 6
23 26 11
23 27 82
23 28 74
23 29 34
23 30 96
23 31 38
23 32 30
23 33 65
23 34 68
23 35 53
23 36 95
23 37 38
23 38 56
23 39 74
23 40 85
23 41 31
23 42 19
23 43 15
23 44 56
23 45 26
23 46 64
23 47 4
23 48 64
23 49 48
23 50 60
23 51 11
23 52 99
23 53 61
23 54 85
23 55 71
23 56 16
23 57 22
23 58 82
23 59 33
23 60 64
23 61 46
23 62 56
23 63 88
23 64 23
23 65 72
23 66 40
23 67 24
23 68 26
23 69 91
23 70 100
23 71 14
23 72 6
23 73 12
23 74 41
23 75 42
23 76 34
23 77 75
23 78 73
23 79 9
23 80 68
23 81 49
23 82 53
23 83 56
23 84 31
23 85 81
24 25 95
24 26 13
24 27 33
24 28 34
24 29 8
24 30 35
24 31 100
24 32 46
24 33 44
24 34 38
24 35 95
24 36 92
24 37 86
24 38 17
24 39 28
24 40 48
24 41 22
24 42 26
24 43 56
24 44 67
24 45 33
24 46 95
24 47 93
24 48 70
24 49 68
24 50 39
24 51 8
24 52 17
24 53 85
24 54 96
24 55 95
24 56 6
24 57 14
24 58 86
24 59 22
24 60 76
24 61 23
24 62 43
24 63 76
24 64 13
24 65 89
24 66 23
24 67 23
24 68 55
24 69 72
24 70 80
24 71 66
24 72 71
24 73 1
24 74 37
24 75 58
24 76 53
24 77 13
24 78 96
24 79 25
24 80 92
24 81 52
24 82 29
24 83 6
24 84 57
24 85 17
25 26 81
25 27 74
25 28 23
25 29 32
25 30 73
25 31 47
25 32 1
25 33 93
25 34 11
25 35 24
25 36 58
25 37 37
25 38 57
25 39 5
25 40 64
25 41 75
25 42 27
25 43 91
25 44 10
25 45 63
25 46 80
25 47 57
25 48 47
25 49 15
25 50 50
25 51 29
25 52 7
25 53 63
25 54 77
25 55 38
25 56 3
25 57 19
25 58 73
25 59 12
25 60 82
25 61 12
25 62 64
25 63 84
25 64 18
25 65 63
25 66 31
25 67 80
25 68 49
25 69 56
25 70 53
25 71 26
25 72 67
25 73 97
25 74 89
25 75 84
25 76 46
25 77 9
25 78 11
25 79 65
25 80 100
25 81 1
25 82 89
25 83 58
25 84 70
25 85 56
26 27 32
26 28 2
26 29 7
26 30 84
26 31 54
26 32 10
26 33 54
26 34 41
26 35 23
26 36 16
26 37 51
26 38 80
26 39 22
26 40 83
26 41 46
26 42 63
26 43 3
26 44 26
26 45 31
26 46 74
26 47 48
26 48 93
26 49 89
26 50 1
26 51 97
26 52 53
26 53 30
26 54 6
26 55 41
26 56 34
26 57 23
26 58 55
26 59 48
26 60 89
26 61 17
26 62 30
26 63 11
26 64 22
26 65 2
26 66 36
26 67 8
26 68 94
26 69 24
26 70 72
26 71 54
26 72 51
26 73 77
26 74 76
26 75 18
26 76 60
26 77 42
26 78 100
26 79 81
26 80 89
26 81 42
26 82 90
26 83 58
26 84 82
26 85 38
27 28 71
27 29 71
27 30 92
27 31 9
27 32 81
27 33 24
27 34 46
27 35 53
27 36 100
27 37 32
27 38 32
27 39 80
27 40 91
27 41 10
27 42 70
27 43 33
27 44 94
27 45 7
27 46 24
27 47 4
27 48 88
27 49 23
27 50 27
27 51 25
27 52 56
27 53 60
27 54 72
27 55 10
27 56 52
27 57 7
27 58 93
27 59 63
27 60 60
27 61 37
27 62 45
27 63 94
27 64 17
27 65 28
27 66 40
27 67 31
27 68 23
27 69 43
27 70 52
27 71 45
27 72 81
27 73 46
27 74 57
27 75 56
27 76 46
27 77 71
27 78 35
27 79 19
27 80 65
27 81 15
27 82 67
27 83 10
27 84 50
27 85 38
28 29 94
28 30 48
28 31 30
28 32 42
28 33 52
28 34 64
28 35 65
28 36 2
28 37 56
28 38 43
28 39 9
28 40 53
28 41 44
28 42 54
28 43 15
28 44 68
28 45 44
28 46 39
28 47 43
28 48 34
28 49 4
28 50 24
28 51 23
28 52 60
28 53 91
28 54 56
28 55 17
28 56 88
28 57 32
28 58 31
28 59 64
28 60 97
28 61 93
28 62 48
28 63 47
28 64 28
28 65 60
28 66 13
28 67 10
28 68 36
28 69 22
28 70 58
28 71 93
28 72 31
28 73 61
28 74 27
28 75 3
28 76 67
28 77 72
28 78 8
28 79 9
28 80 24
28 81 17
28 82 100
28 83 49
28 84 54
28 85 33
29 30 80
29 31 100
29 32 25
29 33 62
29 34 15
29 35 13
29 36 42
29 37 69
29 38 19
29 39 7
29 40 17
29 41 88
29 42 36
29 43 6
29 44 0
29 45 13
29 46 58
29 47 40
29 48 77
29 49 56
29 50 35
29 51 36
29 52 5
29 53 49
29 54 15
29 55 27
29 56 80
29 57 99
29 58 58
29 59 28
29 60 26
29 61 5
29 62 85
29 63 99
29 64 90
29 65 54
29 66 17
29 67 26
29 68 75
29 69 55
29 70 41
29 71 68
29 72 69
29 73 75
29 74 72
29 75 95
29 76 66
29 77 36
29 78 58
29 79 96
29 80 60
29 81 33
29 82 17
29 83 17
29 84 37
29 85 19
30 31 24
30 32 69
30 33 88
30 34 87
30 35 58
30 36 81
30 37 88
30 38 24
30 39 23
30 40 18
30 41 61
30 42 3
30 43 66
30 44 21
30 45 80
30 46 58
30 47 13
30 48 93
30 49 9
30 50 33
30 51 42
30 52 25
30 53 99
30 54 48
30 55 30
30 56 63
30 57 15
30 58 95
30 59 28
30 60 50
30 61 89
30 62 32
30 63 4
30 64 52
30 65 73
30 66 54
30 67 89
30 68 5
30 69 13
30 70 94
30 71 59
30 72 78
30 73 51
30 74 25
30 75 15
30 76 79
30 77 25
30 78 66
30 79 8
30 80 13
30 81 14
30 82 33
30 83 12
30 84 31
30 85 42
31 32 50
31 33 35
31 34 73
31 35 71
31 36 70
31 37 12
31 38 10
31 39 61
31 40 79
31 41 48
31 42 4
31 43 65
31 44 70
31 45 78
31 46 31
31 47 14
31 48 3
31 49 36
31 50 21
31 51 42
31 52 33
31 53 85
31 54 34
31 55 81
31 56 27
31 57 91
31 58 93
31 59 12
31 60 39
31 61 3
31 62 24
31 63 94
31 64 22
31 65 86
31 66 65
31 67 83
31 68 68
31 69 95
31 70 98
31 71 71
31 72 65
31 73 80
31 74 92
31 75 37
31 76 31
31 77 42
31 78 3
31 79 80
31 80 96
31 81 67
31 82 7
31 83 95
31 84 51
31 85 3
32 33 11
32 34 78
32 35 27
32 36 12
32 37 54
32 38 44
32 39 17
32 40 83
32 41 83
32 42 21
32 43 88
32 44 21
32 45 18
32 46 43
32 47 5
32 48 28
32 49 4
32 50 80
32 51 22
32 52 52
32 53 24
32 54 52
32 55 91
32 56 74
32 57 57
32 58 91
32 59 50
32 60 15
32 61 11
32 62 58
32 63 29
32 64 15
32 65 18
32 66 0
32 67 11
32 68 36
32 69 33
32 70 78
32 71 25
32 72 79
32 73 73
32 74 24
32 75 58
32 76 96
32 77 9
32 78 80
32 79 17
32 80 8
32 81 58
32 82 13
32 83 29
32 84 22
32 85 36
33 34 90
33 35 34
33 36 51
33 37 59
33 38 32
33 39 54
33 40 78
33 41 70
33 42 52
33 43 56
33 44 43
33 45 60
33 46 69
33 47 6
33 48 32
33 49 86
33 50 89
33 51 21
33 52 27
33 53 28
33 54 95
33 55 29
33 56 95
33 57 70
33 58 33
33 59 5
33 60 60
33 61 64
33 62 57
33 63 76
33 64 71
33 65 32
33 66 51
33 67 88
33 68 40
33 69 29
33 70 18
33 71 6
33 72 26
33 73 68
33 74 72
33 75 10
33 76 85
33 77 85
33 78 49
33 79 53
33 80 71
33 81 17
33 82 36
33 83 86
33 84 40
33 85 52
34 35 52
34 36 66
34 37 12
34 38 99
34 39 37
34 40 90
34 41 25
34 42 12
34 43 6
34 44 40
34 45 5
34 46 52
34 47 43
34 48 22
34 49 46
34 50 56
34 51 6
34 52 76
34 53 59
34 54 7
34 55 20
34 56 57
34 57 50
34 58 34
34 59 68
34 60 97
34 61 66
34 62 33
34 63 28
34 64 59
34 65 89
34 66 99
34 67 18
34 68 89
34 69 70
34 70 55
34 71 80
34 72 16
34 73 78
34 74 80
34 75 10
34 76 43
34 77 15
34 78 83
34 79 44
34 80 68
34 81 79
34 82 31
34 83 66
34 84 1
34 85 79
35 36 4
35 37 41
35 38 50
35 39 51
35 40 94
35 41 66
35 42 12
35 43 52
35 44 94
35 45 79
35 46 10
35 47 45
35 48 66
35 49 51
35 50 73
35 51 36
35 52 64
35 53 14
35 54 25
35 55 88
35 56 54
35 57 39
35 58 33
35 59 21
35 60 29
35 61 62
35 62 10
35 63 24
35 64 59
35 65 47
35 66 10
35 67 10
35 68 97
35 69 5
35 70 27
35 71 95
35 72 9
35 73 78
35 74 51
35 75 19
35 76 50
35 77 89
35 78 78
35 79 45
35 80 92
35 81 98
35 82 87
35 83 57
35 84 48
35 85 57
36 37 58
36 38 12
36 39 19
36 40 39
36 41 5
36 42 44
36 43 18
36 44 92
36 45 36
36 46 89
36 47 86
36 48 56
36 49 11
36 50 85
36 51 10
36 52 70
36 53 65
36 54 56
36 55 72
36 56 2
36 57 72
36 58 100
36 59 18
36 60 46
36 61 24
36 62 6
36 63 69
36 64 49
36 65 71
36 66 77
36 67 67
36 68 14
36 69 18
36 70 13
36 71 3
36 72 94
36 73 2
36 74 1
36 75 57
36 76 67
36 77 46
36 78 55
36 79 18
36 80 56
36 81 17
36 82 76
36 83 27
36 84 79
36 85 57
37 38 32
37 39 44
37 40 48
37 41 53
37 42 39
37 43 96
37 44 71
37 45 10
37 46 12
37 47 69
37 48 91
37 49 20
37 50 9
37 51 37
37 52 15
37 53 28
37 54 25
37 55 67
37 56 20
37 57 98
37 58 3
37 59 89
37 60 37
37 61 4
37 62 78
37 63 93
37 64 91
37 65 82
37 66 8
37 67 81
37 68 17
37 69 86
37 70 98
37 71 38
37 72 40
37 73 29
37 74 36
37 75 54
37 76 47
37 77 44
37 78 22
37 79 84
37 80 68
37 81 55
37 82 60
37 83 3
37 84 23
37 85 66
38 39 70
38 40 72
38 41 60
38 42 82
38 43 38
38 44 49
38 45 4
38 46 18
38 47 69
38 48 1
38 49 19
38 50 46
38 51 85
38 52 84
38 53 41
38 54 37
38 55 7
38 56 20
38 57 95
38 58 15
38 59 0
38 60 98
38 61 78
38 62 41
38 63 68
38 64 7
38 65 26
38 66 8
38 67 30
38 68 25
38 69 92
38 70 33
38 71 33
38 72 92
38 73 67
38 74 81
38 75 0
38 76 41
38 77 7
38 78 58
38 79 40
38 80 48
38 81 57
38 82 56
38 83 43
38 84 60
38 85 35
39 40 40
39 41 62
39 42 51
39 43 34
39 44 57
39 45 46
39 46 14
39 47 60
39 48 44
39 49 49
39 50 10
39 51 26
39 52 100
39 53 22
39 54 4
39 55 72
39 56 77
39 57 72
39 58 90
39 59 88
39 60 25
39 61 96
39 62 1
39 63 69
39 64 52
39 65 83
39 66 18
39 67 21
39 68 81
39 69 33
39 70 96
39 71 46
39 72 25
39 73 55
39 74 25
39 75 62
39 76 59
39 77 28
39 78 33
39 79 48
39 80 82
39 81 92
39 82 76
39 83 24
39 84 24
39 85 10
40 41 61
40 42 55
40 43 32
40 44 55
40 45 74
40 46 58
40 47 0
40 48 83
40 49 96
40 50 72
40 51 17
40 52 23
40 53 10
40 54 84
40 55 66
40 56 99
40 57 35
40 58 47
40 59 82
40 60 17
40 61 82
40 62 80
40 63 22
40 64 55
40 65 44
40 66 34
40 67 2
40 68 57
40 69 50
40 70 6
40 71 73
40 72 37
40 73 66
40 74 33
40 75 24
40 76 59
40 77 18
40 78 98
40 79 87
40 80 49
40 81 61
40 82 92
40 83 73
40 84 85
40 85 85
41 42 41
41 43 47
41 44 24
41 45 6
41 46 55
41 47 60
41 48 86
41 49 39
41 50 14
41 51 32
41 52 76
41 53 75
41 54 45
41 55 88
41 56 81
41 57 72
41 58 8
41 59 65
41 60 36
41 61 95
41 62 85
41 63 17
41 64 4
41 65 43
41 66 91
41 67 40
41 68 63
41 69 35
41 70 23
41 71 15
41 72 88
41 73 8
41 74 47
41 75 38
41 76 84
41 77 92
41 78 65
41 79 41
41 80 50
41 81 31
41 82 15
41 83 65
41 84 99
41 85 39
42 43 84
42 44 62
42 45 34
42 46 91
42 47 98
42 48 67
42 49 69
42 50 28
42 51 94
42 52 46
42 53 40
42 54 41
42 55 6
42 56 81
42 57 45
42 58 86
42 59 64
42 60 19
42 61 82
42 62 99
42 63 37
42 64 81
42 65 7
42 66 31
42 67 66
42 68 51
42 69 85
42 70 61
42 71 22
42 72 73
42 73 27
42 74 47
42 75 22
42 76 49
42 77 92
42 78 88
42 79 42
42 80 39
42 81 32
42 82 94
42 83 0
42 84 88
42 85 26
43 44 97
43 45 38
43 46 14
43 47 63
43 48 74
43 49 0
43 50 0
43 51 3
43 52 75
43 53 4
43 54 26
43 55 1
43 56 93
43 57 68
43 58 17
43 59 32
43 60 27
43 61 2
43 62 33
43 63 71
43 64 11
43 65 33
43 66 76
43 67 38
43 68 20
43 69 4
43 70 46
43 71 90
43 72 64
43 73 32
43 74 19
43 75 27
43 76 89
43 77 92
43 78 2
43 79 16
43 80 24
43 81 19
43 82 64
43 83 28
43 84 46
43 85 13
44 45 90
44 46 39
44 47 9
44 48 31
44 49 67
44 50 22
44 51 91
44 52 93
44 53 41
44 54 34
44 55 63
44 56 53
44 57 87
44 58 26
44 59 33
44 60 67
44 61 71
44 62 1
44 63 12
44 64 33
44 65 2
44 66 94
44 67 10
44 68 92
44 69 73
44 70 99
44 71 19
44 72 10
44 73 49
44 74 87
44 75 78
44 76 44
44 77 100
44 78 0
44 79 82
44 80 71
44 81 31
44 82 31
44 83 80
44 84 7
44 85 50
45 46 20
45 47 46
45 48 86
45 49 59
45 50 22
45 51 83
45 52 2
45 53 40
45 54 36
45 55 32
45 56 59
45 57 33
45 58 86
45 59 1
45 60 58
45 61 80
45 62 18
45 63 53
45 64 33
45 65 10
45 66 13
45 67 15
45 68 27
45 69 83
45 70 15
45 71 97
45 72 83
45 73 17
45 74 94
45 75 85
45 76 47
45 77 16
45 78 66
45 79 26
45 80 48
45 81 32
45 82 10
45 83 13
45 84 53
45 85 37
46 47 79
46 48 19
46 49 87
46 50 2
46 51 62
46 52 99
46 53 97
46 54 37
46 55 93
46 56 6
46 57 7
46 58 5
46 59 94
46 60 2
46 61 89
46 62 36
46 63 21
46 64 60
46 65 94
46 66 96
46 67 98
46 68 69
46 69 37
46 70 69
46 71 33
46 72 64
46 73 14
46 74 3
46 75 51
46 76 22
46 77 57
46 78 46
46 79 71
46 80 100
46 81 43
46 82 51
46 83 12
46 84 48
46 85 90
47 48 97
47 49 46
47 50 21
47 51 32
47 52 14
47 53 29
47 54 28
47 55 59
47 56 28
47 57 44
47 58 0
47 59 63
47 60 30
47 61 52
47 62 47
47 63 21
47 64 94
47 65 50
47 66 11
47 67 41
47 68 22
47 69 23
47 70 14
47 71 91
47 72 4
47 73 96
47 74 80
47 75 80
47 76 11
47 77 2
47 78 36
47 79 58
47 80 53
47 81 8
47 82 56
47 83 51
47 84 31
47 85 26
48 49 6
48 50 28
48 51 35
48 52 84
48 53 22
48 54 34
48 55 15
48 56 50
48 57 42
48 58 29
48 59 84
48 60 78
48 61 43
48 62 65
48 63 14
48 64 24
48 65 32
48 66 11
48 67 44
48 68 64
48 69 0
48 70 88
48 71 74
48 72 92
48 73 42
48 74 53
48 75 20
48 76 0
48 77 67
48 78 84
48 79 48
48 80 96
48 81 6
48 82 11
48 83 56
48 84 92
48 85 41
49 50 95
49 51 83
49 52 38
49 53 45
49 54 1
49 55 97
49 56 98
49 57 64
49 58 56
49 59 88
49 60 32
49 61 0
49 62 94
49 63 57
49 64 21
49 65 26
49 66 18
49 67 10
49 68 94
49 69 17
49 70 9
49 71 56
49 72 50
49 73 9
49 74 71
49 75 8
49 76 10
49 77 87
49 78 41
49 79 61
49 80 70
49 81 65
49 82 89
49 83 0
49 84 97
49 85 1
50 51 43
50 52 92
50 53 31
50 54 42
50 55 34
50 56 3
50 57 97
50 58 57
50 59 38
50 60 64
50 61 95
50 62 11
50 63 16
50 64 35
50 65 43
50 66 34
50 67 88
50 68 8
50 69 24
50 70 4
50 71 70
50 72 4
50 73 86
50 74 81
50 75 42
50 76 88
50 77 1
50 78 53
50 79 43
50 80 96
50 81 21
50 82 17
50 83 3
50 84 91
50 85 55
51 52 44
51 53 12
51 54 83
51 55 43
51 56 77
51 57 35
51 58 81
51 59 60
51 60 25
51 61 82
51 62 52
51 63 48
51 64 25
51 65 16
51 66 20
51 67 3
51 68 88
51 69 59
51 70 56
51 71 47
51 72 73
51 73 67
51 74 67
51 75 54
51 76 78
51 77 57
51 78 13
51 79 54
51 80 89
51 81 83
51 82 59
51 83 16
51 84 57
51 85 77
52 53 72
52 54 37
52 55 65
52 56 81
52 57 40
52 58 97
52 59 97
52 60 56
52 61 14
52 62 69
52 63 61
52 64 90
52 65 41
52 66 37
52 67 91
52 68 75
52 69 91
52 70 70
52 71 52
52 72 88
52 73 23
52 74 16
52 75 96
52 76 95
52 77 76
52 78 53
52 79 7
52 80 85
52 81 9
52 82 1
52 83 7
52 84 53
52 85 64
53 54 19
53 55 37
53 56 17
53 57 78
53 58 94
53 59 56
53 60 94
53 61 16
53 62 98
53 63 67
53 64 36
53 65 27
53 66 92
53 67 66
53 68 88
53 69 41
53 70 19
53 71 66
53 72 65
53 73 56
53 74 54
53 75 26
53 76 64
53 77 38
53 78 21
53 79 31
53 80 58
53 81 61
53 82 48
53 83 57
53 84 2
53 85 42
54 55 17
54 56 7
54 57 47
54 58 89
54 59 98
54 60 59
54 61 24
54 62 85
54 63 61
54 64 9
54 65 60
54 66 80
54 67 90
54 68 82
54 69 13
54 70 53
54 71 54
54 72 97
54 73 77
54 74 6
54 75 41
54 76 14
54 77 69
54 78 76
54 79 72
54 80 72
54 81 91
54 82 20
54 83 88
54 84 74
54 85 95
55 56 57
55 57 42
55 58 85
55 59 98
55 60 47
55 61 59
55 62 93
55 63 25
55 64 76
55 65 95
55 66 78
55 67 8
55 68 18
55 69 31
55 70 35
55 71 63
55 72 80
55 73 88
55 74 61
55 75 98
55 76 47
55 77 100
55 78 8
55 79 49
55 80 89
55 81 92
55 82 11
55 83 88
55 84 16
55 85 67
56 57 7
56 58 11
56 59 73
56 60 13
56 61 84
56 62 5
56 63 44
56 64 57
56 65 65
56 66 31
56 67 73
56 68 66
56 69 99
56 70 26
56 71 27
56 72 51
56 73 52
56 74 62
56 75 22
56 76 96
56 77 39
56 78 29
56 79 16
56 80 81
56 81 88
56 82 58
56 83 2
56 84 7
56 85 72
57 58 10
57 59 61
57 60 32
57 61 26
57 62 8
57 63 89
57 64 64
57 65 99
57 66 19
57 67 44
57 68 41
57 69 86
57 70 61
57 71 0
57 72 44
57 73 82
57 74 100
57 75 45
57 76 51
57 77 17
57 78 67
57 79 41
57 80 38
57 81 76
57 82 53
57 83 41
57 84 95
57 85 62
58 59 35
58 60 3
58 61 21
58 62 34
58 63 27
58 64 68
58 65 78
58 66 9
58 67 6
58 68 61
58 69 47
58 70 72
58 71 8
58 72 67
58 73 63
58 74 44
58 75 67
58 76 92
58 77 68
58 78 45
58 79 21
58 80 9
58 81 35
58 82 42
58 83 55
58 84 75
58 85 82
59 60 68
59 61 63
59 62 50
59 63 11
59 64 9
59 65 36
59 66 47
59 67 67
59 68 21
59 69 72
59 70 18
59 71 37
59 72 72
59 73 81
59 74 87
59 75 59
59 76 62
59 77 47
59 78 30
59 79 95
59 80 32
59 81 8
59 82 87
59 83 52
59 84 10
59 85 96
60 61 99
60 62 25
60 63 90
60 64 87
60 65 100
60 66 42
60 67 81
60 68 68
60 69 22
60 70 46
60 71 55
60 72 46
60 73 38
60 74 65
60 75 41
60 76 100
60 77 77
60 78 18
60 79 27
60 80 3
60 81 67
60 82 0
60 83 39
60 84 60
60 85 37
61 62 15
61 63 67
61 64 73
61 65 37
61 66 89
61 67 0
61 68 68
61 69 50
61 70 20
61 71 82
61 72 96
61 73 43
61 74 99
61 75 94
61 76 93
61 77 48
61 78 8
61 79 40
61 80 30
61 81 99
61 82 57
61 83 2
61 84 69
61 85 73
62 63 43
62 64 62
62 65 75
62 66 36
62 67 99
62 68 67
62 69 36
62 70 14
62 71 7
62 72 99
62 73 72
62 74 13
62 75 58
62 76 84
62 77 37
62 78 64
62 79 34
62 80 16
62 81 17
62 82 22
62 83 59
62 84 24
62 85 50
63 64 35
63 65 23
63 66 73
63 67 76
63 68 78
63 69 78
63 70 76
63 71 17
63 72 27
63 73 98
63 74 41
63 75 94
63 76 58
63 77 6
63 78 9
63 79 81
63 80 85
63 81 49
63 82 39
63 83 8
63 84 60
63 85 47
64 65 90
64 66 91
64 67 92
64 68 1
64 69 48
64 70 81
64 71 33
64 72 41
64 73 65
64 74 56
64 75 32
64 76 51
64 77 61
64 78 80
64 79 66
64 80 23
64 81 87
64 82 6
64 83 37
64 84 11
64 85 35
65 66 42
65 67 79
65 68 36
65 69 43
65 70 81
65 71 78
65 72 50
65 73 29
65 74 58
65 75 44
65 76 37
65 77 22
65 78 95
65 79 27
65 80 76
65 81 62
65 82 67
65 83 88
65 84 95
65 85 3
66 67 87
66 68 78
66 69 58
66 70 68
66 71 87
66 72 54
66 73 12
66 74 78
66 75 95
66 76 9
66 77 18
66 78 55
66 79 2
66 80 89
66 81 9
66 82 43
66 83 9
66 84 25
66 85 89
67 68 5
67 69 52
67 70 15
67 71 40
67 72 53
67 73 27
67 74 16
67 75 29
67 76 96
67 77 93
67 78 92
67 79 8
67 80 64
67 81 74
67 82 9
67 83 29
67 84 52
67 85 23
68 69 87
68 70 63
68 71 98
68 72 81
68 73 10
68 74 79
68 75 4
68 76 7
68 77 56
68 78 6
68 79 14
68 80 79
68 81 98
68 82 47
68 83 52
68 84 55
68 85 75
69 70 75
69 71 9
69 72 33
69 73 39
69 74 37
69 75 92
69 76 68
69 77 58
69 78 5
69 79 79
69 80 77
69 81 42
69 82 36
69 83 32
69 84 16
69 85 59
70 71 43
70 72 15
70 73 57
70 74 24
70 75 91
70 76 92
70 77 21
70 78 43
70 79 60
70 80 30
70 81 18
70 82 81
70 83 43
70 84 36
70 85 95
71 72 89
71 73 47
71 74 77
71 75 0
71 76 87
71 77 67
71 78 9
71 79 44
71 80 38
71 81 77
71 82 21
71 83 67
71 84 81
71 85 38
72 73 48
72 74 67
72 75 83
72 76 30
72 77 41
72 78 68
72 79 77
72 80 73
72 81 9
72 82 45
72 83 23
72 84 68
72 85 52
73 74 1
73 75 17
73 76 72
73 77 5
73 78 18
73 79 96
73 80 11
73 81 100
73 82 85
73 83 43
73 84 20
73 85 6
74 75 8
74 76 37
74 77 59
74 78 65
74 79 42
74 80 4
74 81 12
74 82 33
74 83 97
74 84 36
74 85 79
75 76 22
75 77 62
75 78 97
75 79 63
75 80 53
75 81 38
75 82 35
75 83 25
75 84 1
75 85 51
76 77 63
76 78 59
76 79 24
76 80 11
76 81 45
76 82 9
76 83 61
76 84 15
76 85 1
77 78 89
77 79 3
77 80 79
77 81 62
77 82 96
77 83 16
77 84 92
77 85 86
78 79 45
78 80 94
78 81 30
78 82 42
78 83 86
78 84 97
78 85 1
79 80 75
79 81 99
79 82 63
79 83 60
79 84 86
79 85 43
80 81 21
80 82 33
80 83 92
80 84 31
80 85 63
81 82 86
81 83 35
81 84 75
81 85 27
82 83 83
82 84 89
82 85 42
83 84 98
83 85 34
84 85 38
