88 3828
1 2 53
1 3 92
1 4 43
1 5 71
1 6 90
1 7 33
1 8 35
1 9 25
1 10 14
1 11 38
1 12 52
1 13 49
1 14 24
1 15 69
1 16 90
1 17 3
1 18 85
1 19 46
1 20 45
1 21 24
1 22 80
1 23 22
1 24 54
1 25 53
1 26 67
1 27 7
1 28 87
1 29 70
1 30 56
1 31 7
1 32 11
1 33 45
1 34 20
1 35 71
1 36 96
1 37 70
1 38 62
1 39 18
1 40 95
1 41 38
1 42 25
1 43 54
1 44 34
1 45 73
1 46 38
1 47 53
1 48 89
1 49 82
1 50 5
1 51 18
1 52 25
1 53 43
1 54 40
1 55 92
1 56 65
1 57 13
1 58 80
1 59 57
1 60 18
1 61 76
1 62 91
1 63 67
1 64 71
1 65 63
1 66 23
1 67 80
1 68 33
1 69 33
1 70 80
1 71 29
1 72 6
1 73 61
1 74 73
1 75 71
1 76 32
1 77 76
1 78 69
1 79 72
1 80 59
1 81 63
1 82 33
1 83 94
1 84 78
1 85 62
1 86 59
1 87 59
1 88 93
2 3 12
2 4 54
2 5 30
2 6 83
2 7 13
2 8 43
2 9 8
2 10 36
2 11 51
2 12 63
2 13 12
2 14 66
2 15 55
2 16 63
2 17 57
2 18 40
2 19 2
2 20 21
2 21 25
2 22 94
2 23 17
2 24 23
2 25 36
2 26 8
2 27 53
2 28 51
2 29 38
2 30 26
2 31 47
2 32 7
2 33 66
2 34 87
2 35 80
2 36 99
2 37 98
2 38 28
2 39 14
2 40 10
2 41 60
2 42 4
2 43 9
2 44 60
2 45 46
2 46 59
2 47 44
2 48 42
2 49 9
2 50 41
2 51 10
2 52 36
2 53 84
2 54 11
2 55 17
2 56 71
2 57 40
2 58 7
2 59 87
2 60 6
2 61 93
2 62 80
2 63 31
2 64 51
2 65 94
2 66 70
2 67 44
2 68 77
2 69 76
2 70 32
2 71 44
2 72 92
2 73 60
2 74 2
2 75 72
2 76 86
2 77 48
2 78 62
2 79 59
2 80 100
2 81 56
2 82 93
2 83 31
2 84 69
2 85 89
2 86 41
2 87 58
2 88 71
3 4 7
3 5 52
3 6 56
3 7 36
3 8 21
3 9 100
3 10 47
3 11 80
3 12 62
3 13 56
3 14 58
3 15 42
3 16 23
3 17 32
3 18 89
3 19 23
3 20 51
3 21 46
3 22 68
3 23 15
3 24 77
3 25 40
3 26 84
3 27 22
3 28 74
3 29 39
3 30 76
3 31 65
3 32 24
3 33 26
3 34 32
3 35 69
3 36 72
3 37 20
3 38 59
3 39 45
3 40 83
3 41 95
3 42 37
3 43 48
3 44 83
3 45 4
3 46 4
3 47 53
3 48 45
3 49 99
3 50 76
3 51 30
3 52 62
3 53 52
3 54 64
3 55 65
3 56 58
3 57 74
3 58 87
3 59 97
3 60 43
3 61 98
3 62 50
3 63 2
3 64 48
3 65 62
3 66 84
3 67 92
3 68 57
3 69 67
3 70 91
3 71 30
3 72 36
3 73 88
3 74 35
3 75 8
3 76 90
3 77 24
3 78 73
3 79 36
3 80 86
3 81 96
3 82 69
3 83 87
3 84 68
3 85 59
3 86 20
3 87 67
3 88 2
4 5 86
4 6 4
4 7 92
4 8 18
4 9 96
4 10 26
4 11 26
4 12 78
4 13 51
4 14 4
4 15 36
4 16 3
4 17 30
4 18 65
4 19 1
4 20 43
4 21 38
4 22 38
4 23 77
4 24 85
4 25 18
4 26 35
4 27 40
4 28 61
4 29 58
4 30 90
4 31 63
4 32 10
4 33 55
4 34 86
4 35 40
4 36 24
4 37 63
4 38 99
4 39 48
4 40 84
4 41 72
4 42 8
4 43 56
4 44 48
4 45 41
4 46 83
4 47 73
4 48 73
4 49 94
4 50 44
4 51 67
4 52 41
4 53 4
4 54 89
4 55 24
4 56 42
4 57 44
4 58 4
4 59 26
4 60 93
4 61 80
4 62 3
4 63 11
4 64 20
4 65 96
4 66 62
4 67 48
4 68 66
4 69 45
4 70 69
4 71 60
4 72 58
4 73 85
4 74 98
4 75 0
4 76 91
4 77 34
4 78 62
4 79 71
4 80 51
4 81 66
4 82 47
4 83 4
4 84 45
4 85 65
4 86 76
4 87 23
4 88 61
5 6 66
5 7 73
5 8 94
5 9 59
5 10 77
5 11 35
5 12 67
5 13 60
5 14 27
5 15 84
5 16 1
5 17 56
5 18 33
5 19 10
5 20 65
5 21 25
5 22 64
5 23 43
5 24 39
5 25 70
5 26 43
5 27 62
5 28 51
5 29 53
5 30 80
5 31 14
5 32 80
5 33 21
5 34 72
5 35 98
5 36 45
5 37 24
5 38 58
5 39 24
5 40 53
5 41 64
5 42 50
5 43 22
5 44 7
5 45 95
5 46 97
5 47 20
5 48 56
5 49 96
5 50 65
5 51 44
5 52 44
5 53 87
5 54 25
5 55 18
5 56 31
5 57 50
5 58 17
5 59 15
5 60 70
5 61 12
5 62 75
5 63 5
5 64 99
5 65 34
5 66 41
5 67 45
5 68 80
5 69 29
5 70 61
5 71 83
5 72 50
5 73 27
5 74 59
5 75 48
5 76 66
5 77 55
5 78 48
5 79 29
5 80 25
5 81 89
5 82 27
5 83 53
5 84 53
5 85 87
5 86 23
5 87 26
5 88 48
6 7 73
6 8 39
6 9 11
6 10 26
6 11 18
6 12 49
6 13 17
6 14 20
6 15 22
6 16 81
6 17 2
6 18 73
6 19 14
6 20 25
6 21 92
6 22 61
6 23 87
6 24 46
6 25 7
6 26 98
6 27 42
6 28 52
6 29 14
6 30 73
6 31 20
6 32 14
6 33 43
6 34 14
6 35 3
6 36 17
6 37 34
6 38 43
6 39 59
6 40 68
6 41 55
6 42 67
6 43 17
6 44 27
6 45 35
6 46 32
6 47 0
6 48 11
6 49 42
6 50 51
6 51 36
6 52 55
6 53 7
6 54 88
6 55 10
6 56 56
6 57 36
6 58 55
6 59 0
6 60 23
6 61 42
6 62 76
6 63 5
6 64 34
6 65 36
6 66 75
6 67 46
6 68 70
6 69 58
6 70 29
6 71 49
6 72 4
6 73 79
6 74 77
6 75 1
6 76 16
6 77 51
6 78 72
6 79 58
6 80 81
6 81 66
6 82 6
6 83 18
6 84 93
6 85 51
6 86 67
6 87 10
6 88 53
7 8 24
7 9 93
7 10 53
7 11 19
7 12 52
7 13 95
7 14 78
7 15 88
7 16 22
7 17 7
7 18 3
7 19 90
7 20 25
7 21 96
7 22 65
7 23 28
7 24 42
7 25 64
7 26 1
7 27 99
7 28 20
7 29 5
7 30 73
7 31 77
7 32 1
7 33 93
7 34 49
7 35 42
7 36 80
7 37 35
7 38 8
7 39 24
7 40 11
7 41 50
7 42 15
7 43 9
7 44 52
7 45 29
7 46 72
7 47 9
7 48 8
7 49 49
7 50 37
7 51 3
7 52 49
7 53 21
7 54 58
7 55 44
7 56 20
7 57 63
7 58 90
7 59 16
7 60 1
7 61 50
7 62 16
7 63 57
7 64 73
7 65 80
7 66 59
7 67 68
7 68 24
7 69 76
7 70 68
7 71 19
7 72 72
7 73 34
7 74 34
7 75 16
7 76 94
7 77 98
7 78 63
7 79 9
7 80 66
7 81 46
7 82 76
7 83 30
7 84 74
7 85 8
7 86 50
7 87 84
7 88 37
8 9 27
8 10 65
8 11 71
8 12 74
8 13 69
8 14 29
8 15 70
8 16 20
8 17 93
8 18 96
8 19 83
8 20 96
8 21 21
8 22 7
8 23 70
8 24 47
8 25 75
8 26 75
8 27 18
8 28 46
8 29 58
8 30 73
8 31 46
8 32 90
8 33 4
8 34 62
8 35 34
8 36 53
8 37 64
8 38 9
8 39 59
8 40 22
8 41 55
8 42 87
8 43 25
8 44 86
8 45 77
8 46 97
8 47 95
8 48 58
8 49 91
8 50 59
8 51 81
8 52 98
8 53 54
8 54 38
8 55 57
8 56 66
8 57 41
8 58 71
8 59 12
8 60 83
8 61 7
8 62 40
8 63 98
8 64 30
8 65 86
8 66 93
8 67 1
8 68 84
8 69 75
8 70 7
8 71 23
8 72 46
8 73 94
8 74 73
8 75 26
8 76 76
8 77 59
8 78 9
8 79 40
8 80 82
8 81 13
8 82 71
8 83 8
8 84 7
8 85 65
8 86 89
8 87 94
8 88 7
9 10 21
9 11 87
9 12 39
9 13 55
9 14 87
9 15 44
9 16 5
9 17 98
9 18 61
9 19 71
9 20 83
9 21 63
9 22 1
9 23 52
9 24 74
9 25 98
9 26 76
9 27 24
9 28 63
9 29 67
9 30 51
9 31 9
9 32 13
9 33 33
9 34 22
9 35 57
9 36 24
9 37 76
9 38 78
9 39 89
9 40 99
9 41 40
9 42 10
9 43 14
9 44 17
9 45 55
9 46 90
9 47 31
9 48 80
9 49 46
9 50 2
9 51 28
9 52 56
9 53 68
9 54 56
9 55 85
9 56 44
9 57 99
9 58 33
9 59 68
9 60 90
9 61 82
9 62 83
9 63 57
9 64 97
9 65 78
9 66 26
9 67 27
9 68 77
9 69 76
9 70 19
9 71 50
9 72 44
9 73 58
9 74 44
9 75 52
9 76 6
9 77 99
9 78 16
9 79 18
9 80 95
9 81 51
9 82 35
9 83 22
9 84 17
9 85 24
9 86 60
9 87 70
9 88 31
10 11 42
10 12 52
10 13 46
10 14 39
10 15 75
10 16 28
10 17 9
10 18 93
10 19 98
10 20 78
10 21 13
10 22 70
10 23 66
10 24 24
10 25 71
10 26 56
10 27 38
10 28 35
10 29 9
10 30 12
10 31 6
10 32 19
10 33 28
10 34 52
10 35 77
10 36 66
10 37 14
10 38 54
10 39 57
10 40 98
10 41 80
10 42 82
10 43 56
10 44 22
10 45 23
10 46 38
10 47 89
10 48 14
10 49 92
10 50 51
10 51 70
10 52 71
10 53 85
10 54 65
10 55 38
10 56 82
10 57 19
10 58 71
10 59 49
10 60 68
10 61 18
10 62 56
10 63 55
10 64 76
10 65 8
10 66 49
10 67 43
10 68 29
10 69 40
10 70 71
10 71 27
10 72 22
10 73 58
10 74 20
10 75 30
10 76 70
10 77 35
10 78 84
10 79 37
10 80 45
10 81 91
10 82 70
10 83 94
10 84 37
10 85 72
10 86 83
10 87 7
10 88 12
11 12 43
11 13 78
11 14 17
11 15 48
11 16 80
11 17 27
11 18 98
11 19 4
11 20 30
11 21 52
11 22 21
11 23 98
11 24 60
11 25 100
11 26 86
11 27 21
11 28 26
11 29 56
11 30 91
11 31 65
11 32 12
11 33 0
11 34 8
11 35 68
11 36 85
11 37 91
11 38 71
11 39 9
11 40 52
11 41 23
11 42 19
11 43 100
11 44 3
11 45 100
11 46 29
11 47 19
11 48 45
11 49 98
11 50 93
11 51 67
11 52 72
11 53 56
11 54 46
11 55 9
11 56 54
11 57 84
11 58 89
11 59 9
11 60 3
11 61 38
11 62 89
11 63 96
11 64 45
11 65 79
11 66 67
11 67 9
11 68 32
11 69 38
11 70 92
11 71 43
11 72 10
11 73 83
11 74 81
11 75 9
11 76 62
11 77 57
11 78 84
11 79 17
11 80 67
11 81 69
11 82 2
11 83 92
11 84 74
11 85 79
11 86 96
11 87 45
11 88 23
12 13 38
12 14 93
12 15 42
12 16 85
12 17 87
12 18 46
12 19 98
12 20 10
12 21 55
12 22 93
12 23 74
12 24 81
12 25 57
12 26 79
12 27 58
12 28 1
12 29 38
12 30 22
12 31 29
12 32 51
12 33 72
12 34 49
12 35 49
12 36 8
12 37 72
12 38 98
12 39 75
12 40 85
12 41 80
12 42 66
12 43 4
12 44 4
12 45 1
12 46 42
12 47 36
12 48 38
12 49 4
12 50 95
12 51 94
12 52 53
12 53 2
12 54 59
12 55 73
12 56 5
12 57 69
12 58 26
12 59 57
12 60 27
12 61 81
12 62 77
12 63 92
12 64 72
12 65 59
12 66 53
12 67 66
12 68 81
12 69 19
12 70 55
12 71 21
12 72 11
12 73 35
12 74 0
12 75 49
12 76 72
12 77 64
12 78 23
12 79 45
12 80 34
12 81 38
12 82 50
12 83 11
12 84 60
12 85 67
12 86 48
12 87 21
12 88 55
13 14 9
13 15 43
13 16 82
13 17 91
13 18 69
13 19 66
13 20 46
13 21 46
13 22 20
13 23 96
13 24 42
13 25 75
13 26 76
13 27 23
13 28 75
13 29 99
13 30 58
13 31 77
13 32 61
13 33 55
13 34 3
13 35 24
13 36 58
13 37 28
13 38 94
13 39 61
13 40 14
13 41 88
13 42 65
13 43 33
13 44 57
13 45 70
13 46 43
13 47 97
13 48 62
13 49 66
13 50 62
13 51 57
13 52 80
13 53 92
13 54 6
13 55 46
13 56 80
13 57 79
13 58 6
13 59 93
13 60 49
13 61 67
13 62 50
13 63 53
13 64 78
13 65 7
13 66 45
13 67 35
13 68 78
13 69 43
13 70 73
13 71 36
13 72 66
13 73 67
13 74 6
13 75 5
13 76 55
13 77 75
13 78 21
13 79 43
13 80 18
13 81 40
13 82 37
13 83 50
13 84 27
13 85 90
13 86 58
13 87 15
13 88 66
14 15 43
14 16 8
14 17 40
14 18 38
14 19 23
14 20 24
14 21 38
14 22 35
14 23 47
14 24 21
14 25 53
14 26 11
14 27 5
14 28 12
14 29 1
14 30 58
14 31 87
14 32 38
14 33 41
14 34 54
14 35 39
14 36 87
14 37 68
14 38 48
14 39 81
14 40 93
14 41 2
14 42 43
14 43 83
14 44 94
14 45 30
14 46 7
14 47 75
14 48 74
14 49 85
14 50 60
14 51 64
14 52 23
14 53 90
14 54 67
14 55 14
14 56 71
14 57 30
14 58 53
14 59 30
14 60 45
14 61 60
14 62 97
14 63 52
14 64 11
14 65 11
14 66 100
14 67 55
14 68 48
14 69 92
14 70 80
14 71 92
14 72 4
14 73 82
14 74 38
14 75 19
14 76 20
14 77 11
14 78 64
14 79 13
14 80 28
14 81 55
14 82 65
14 83 41
14 84 25
14 85 25
14 86 52
14 87 100
14 88 88
15 16 90
15 17 18
15 18 17
15 19 73
15 20 36
15 21 46
15 22 58
15 23 2
15 24 60
15 25 13
15 26 0
15 27 46
15 28 85
15 29 0
15 30 24
15 31 33
15 32 57
15 33 70
15 34 52
15 35 36
15 36 25
15 37 100
15 38 89
15 39 100
15 40 41
15 41 67
15 42 69
15 43 34
15 44 42
15 45 65
15 46 77
15 47 22
15 48 47
15 49 79
15 50 75
15 51 14
15 52 97
15 53 85
15 54 47
15 55 64
15 56 100
15 57 96
15 58 92
15 59 57
15 60 61
15 61 86
15 62 67
15 63 81
15 64 36
15 65 33
15 66 39
15 67 17
15 68 19
15 69 20
15 70 73
15 71 37
15 72 83
15 73 29
15 74 20
15 75 92
15 76 85
15 77 62
15 78 27
15 79 97
15 80 9
15 81 88
15 82 93
15 83 19
15 84 30
15 85 47
15 86 99
15 87 76
15 88 50
16 17 56
16 18 76
16 19 27
16 20 83
16 21 5
16 22 73
16 23 45
16 24 9
16 25 97
16 26 33
16 27 68
16 28 86
16 29 87
16 30 18
16 31 3
16 32 41
16 33 63
16 34 18
16 35 17
16 36 89
16 37 45
16 38 44
16 39 65
16 40 54
16 41 66
16 42 80
16 43 22
16 44 47
16 45 11
16 46 19
16 47 66
16 48 82
16 49 69
16 50 31
16 51 41
16 52 1
16 53 19
16 54 32
16 55 33
16 56 23
16 57 54
16 58 30
16 59 26
16 60 29
16 61 33
16 62 61
16 63 49
16 64 14
16 65 17
16 66 38
16 67 48
16 68 82
16 69 64
16 70 70
16 71 5
16 72 17
16 73 64
16 74 88
16 75 65
16 76 34
16 77 31
16 78 72
16 79 75
16 80 39
16 81 9
16 82 52
16 83 72
16 84 0
16 85 25
16 86 47
16 87 19
16 88 86
17 18 71
17 19 26
17 20 33
17 21 31
17 22 55
17 23 43
17 24 44
17 25 1
17 26 37
17 27 24
17 28 59
17 29 81
17 30 28
17 31 61
17 32 48
17 33 49
17 34 20
17 35 36
17 36 64
17 37 93
17 38 31
17 39 39
17 40 40
17 41 13
17 42 97
17 43 82
17 44 4
17 45 56
17 46 34
17 47 71
17 48 55
17 49 32
17 50 12
17 51 42
17 52 58
17 53 27
17 54 99
17 55 49
17 56 41
17 57 81
17 58 28
17 59 64
17 60 69
17 61 62
17 62 48
17 63 80
17 64 95
17 65 54
17 66 35
17 67 48
17 68 92
17 69 46
17 70 22
17 71 60
17 72 91
17 73 53
17 74 31
17 75 79
17 76 33
17 77 99
17 78 57
17 79 30
17 80 91
17 81 76
17 82 95
17 83 95
17 84 26
17 85 100
17 86 86
17 87 44
17 88 22
18 19 36
18 20 65
18 21 91
18 22 56
18 23 92
18 24 34
18 25 71
18 26 11
18 27 51
18 28 30
18 29 91
18 30 31
18 31 9
18 32 55
18 33 23
18 34 88
18 35 56
18 36 30
18 37 9
18 38 48
18 39 20
18 40 87
18 41 28
18 42 33
18 43 38
18 44 29
18 45 79
18 46 49
18 47 55
18 48 38
18 49 31
18 50 52
18 51 66
18 52 11
18 53 34
18 54 48
18 55 87
18 56 33
18 57 18
18 58 55
18 59 83
18 60 97
18 61 42
18 62 13
18 63 43
18 64 13
18 65 83
18 66 29
18 67 2
18 68 46
18 69 63
18 70 0
18 71 42
18 72 90
18 73 33
18 74 82
18 75 87
18 76 75
18 77 77
18 78 62
18 79 100
18 80 85
18 81 9
18 82 93
18 83 5
18 84 77
18 85 73
18 86 38
18 87 53
18 88 67
19 20 30
19 21 73
19 22 81
19 23 67
19 24 62
19 25 9
19 26 65
19 27 31
19 28 10
19 29 67
19 30 97
19 31 67
19 32 14
19 33 79
19 34 13
19 35 14
19 36 31
19 37 54
19 38 19
19 39 12
19 40 74
19 41 18
19 42 46
19 43 74
19 44 14
19 45 13
19 46 82
19 47 65
19 48 8
19 49 100
19 50 18
19 51 97
19 52 92
19 53 0
19 54 76
19 55 70
19 56 55
19 57 45
19 58 84
19 59 26
19 60 77
19 61 40
19 62 74
19 63 49
19 64 11
19 65 4
19 66 78
19 67 59
19 68 63
19 69 40
19 70 65
19 71 0
19 72 29
19 73 75
19 74 97
19 75 77
19 76 56
19 77 54
19 78 59
19 79 97
19 80 91
19 81 70
19 82 62
19 83 16
19 84 25
19 85 45
19 86 61
19 87 35
19 88 49
20 21 3
20 22 66
20 23 98
20 24 42
20 25 92
20 26 0
20 27 10
20 28 16
20 29 47
20 30 64
20 31 7
20 32 5
20 33 89
20 34 34
20 35 96
20 36 83
20 37 36
20 38 54
20 39 61
20 40 48
20 41 23
20 42 19
20 43 28
20 44 23
20 45 90
20 46 12
20 47 56
20 48 60
20 49 14
20 50 16
20 51 80
20 52 68
20 53 7
20 54 98
20 55 77
20 56 3
20 57 32
20 58 30
20 59 2
20 60 15
20 61 78
20 62 49
20 63 97
20 64 75
20 65 62
20 66 0
20 67 63
20 68 17
20 69 26
20 70 13
20 71 31
20 72 25
20 73 17
20 74 13
20 75 58
20 76 93
20 77 85
20 78 94
20 79 73
20 80 23
20 81 88
20 82 74
20 83 0
20 84 34
20 85 8
20 86 64
20 87 9
20 88 80
21 22 62
21 23 24
21 24 5
21 25 72
21 26 51
21 27 63
21 28 47
21 29 62
21 30 44
21 31 73
21 32 42
21 33 61
21 34 91
21 35 86
21 36 95
21 37 13
21 38 58
21 39 61
21 40 40
21 41 59
21 42 21
21 43 50
21 44 58
21 45 36
21 46 41
21 47 41
21 48 24
21 49 85
21 50 37
21 51 97
21 52 40
21 53 82
21 54 8
21 55 15
21 56 100
21 57 28
21 58 91
21 59 45
21 60 100
21 61 13
21 62 43
21 63 19
21 64 45
21 65 88
21 66 5
21 67 78
21 68 1
21 69 41
21 70 54
21 71 81
21 72 47
21 73 60
21 74 15
21 75 27
21 76 15
21 77 99
21 78 26
21 79 97
21 80 6
21 81 48
21 82 21
21 83 51
21 84 92
21 85 22
21 86 82
21 87 61
21 88 42
22 23 31
22 24 58
22 25 45
22 26 80
22 27 0
22 28 19
22 29 8
22 30 42
22 31 42
22 32 30
22 33 90
22 34 13
22 35 40
22 36 39
22 37 7
22 38 70
22 39 47
22 40 48
22 41 8
22 42 3
22 43 40
22 44 40
22 45 91
22 46 24
22 47 6
22 48 29
22 49 54
22 50 23
22 51 21
22 52 85
22 53 61
22 54 10
22 55 83
22 56 75
22 57 69
22 58 66
22 59 27
22 60 0
22 61 99
22 62 76
22 63 24
22 64 30
22 65 71
22 66 85
22 67 47
22 68 16
22 69 67
22 70 62
22 71 81
22 72 29
22 73 23
22 74 6
22 75 14
22 76 39
22 77 22
22 78 30
22 79 89
22 80 63
22 81 71
22 82 79
22 83 3
22 84 86
22 85 75
22 86 34
22 87 76
22 88 70
23 24 25
23 25 63
23 26 50
23 27 33
23 28 100
23 29 10
23 30 4
23 31 21
23 32 66
23 33 56
23 34 88
23 35 1
23 36 78
23 37 31
23 38 52
23 39 79
23 40 52
23 41 82
23 42 80
23 43 1
23 44 70
23 45 100
23 46 85
23 47 36
23 48 4
23 49 78
23 50 25
23 51 34
23 52 39
23 53 92
23 54 16
23 55 80
23 56 33
23 57 38
23 58 56
23 59 87
23 60 4
23 61 27
23 62 55
23 63 72
23 64 21
23 65 87
23 66 50
23 67 7
23 68 58
23 69 48
23 70 69
23 71 85
23 72 84
23 73 11
23 74 92
23 75 8
23 76 88
23 77 3
23 78 0
23 79 0
23 80 76
23 81 57
23 82 29
23 83 36
23 84 25
23 85 44
23 86 22
23 87 59
23 88 36
24 25 33
24 26 44
24 27 46
24 28 34
24 29 15
24 30 85
24 31 87
24 32 5
24 33 96
24 34 28
24 35 35
24 36 75
24 37 10
24 38 79
24 39 65
24 40 25
24 41 90
24 42 10
24 43 28
24 44 55
24 45 68
24 46 41
24 47 4
24 48 39
24 49 31
24 50 94
24 51 63
24 52 4
24 53 12
24 54 56
24 55 5
24 56 76
24 57 83
24 58 16
24 59 18
24 60 57
24 61 6
24 62 76
24 63 18
24 64 83
24 65 6
24 66 85
24 67 90
24 68 54
24 69 3
24 70 49
24 71 48
24 72 57
24 73 43
24 74 77
24 75 89
24 76 73
24 77 44
24 78 100
24 79 98
24 80 60
24 81 88
24 82 59
24 83 18
24 84 42
24 85 88
24 86 69
24 87 4
24 88 32
25 26 40
25 27 64
25 28 78
25 29 40
25 30 5
25 31 1
25 32 57
25 33 50
25 34 43
25 35 12
25 36 54
25 37 17
25 38 95
25 39 51
25 40 93
25 41 16
25 42 1
25 43 75
25 44 98
25 45 19
25 46 37
25 47 27
25 48 43
25 49 58
25 50 96
25 51 65
25 52 49
25 53 18
25 54 40
25 55 97
25 56 52
25 57 57
25 58 4
25 59 89
25 60 78
25 61 5
25 62 7
25 63 95
25 64 61
25 65 40
25 66 96
25 67 75
25 68 63
25 69 2
25 70 15
25 71 96
25 72 3
25 73 3
25 74 92
25 75 78
25 76 92
25 77 68
25 78 95
25 79 83
25 80 56
25 81 67
25 82 88
25 83 61
25 84 93
25 85 44
25 86 28
25 87 53
25 88 44
26 27 16
26 28 73
26 29 20
26 30 79
26 31 47
26 32 6
26 33 5
26 34 64
26 35 25
26 36 41
26 37 100
26 38 22
26 39 74
26 40 88
26 41 87
26 42 80
26 43 22
26 44 33
26 45 22
26 46 42
26 47 27
26 48 62
26 49 96
26 50 41
26 51 30
26 52 80
26 53 29
26 54 42
26 55 30
26 56 66
26 57 91
26 58 4
26 59 21
26 60 87
26 61 57
26 62 63
26 63 94
26 64 67
26 65 80
26 66 0
26 67 95
26 68 53
26 69 79
26 70 96
26 71 27
26 72 27
26 73 30
26 74 28
26 75 60
26 76 43
26 77 39
26 78 6
26 79 69
26 80 66
26 81 76
26 82 70
26 83 42
26 84 0
26 85 88
26 86 66
26 87 71
26 88 12
27 28 42
27 29 36
27 30 82
27 31 45
27 32 87
27 33 53
27 34 79
27 35 65
27 36 16
27 37 37
27 38 5
27 39 59
27 40 99
27 41 40
27 42 54
27 43 27
27 44 35
27 45 1
27 46 84
27 47 91
27 48 77
27 49 3
27 50 50
27 51 67
27 52 91
27 53 62
27 54 13
27 55 58
27 56 4
27 57 75
27 58 20
27 59 77
27 60 20
27 61 28
27 62 58
27 63 77
27 64 28
27 65 97
27 66 47
27 67 68
27 68 34
27 69 54
27 70 18
27 71 32
27 72 43
27 73 70
27 74 56
27 75 24
27 76 0
27 77 73
27 78 61
27 79 76
27 80 29
27 81 2
27 82 83
27 83 3
27 84 30
27 85 81
27 86 75
27 87 43
27 88 24
28 29 85
28 30 21
28 31 56
28 32 50
28 33 53
28 34 12
28 35 53
28 36 73
28 37 35
28 38 81
28 39 92
28 40 93
28 41 49
28 42 80
28 43 66
28 44 36
28 45 16
28 46 58
28 47 98
28 48 71
28 49 15
28 50 53
28 51 20
28 52 3
28 53 75
28 54 94
28 55 1
28 56 79
28 57 40
28 58 36
28 59 26
28 60 70
28 61 100
28 62 25
28 63 63
28 64 95
28 65 87
28 66 25
28 67 90
28 68 70
28 69 16
28 70 21
28 71 1
28 72 41
28 73 53
28 74 17
28 75 67
28 76 78
28 77 29
28 78 66
28 79 78
28 80 96
28 81 55
28 82 76
28 83 94
28 84 20
28 85 77
28 86 21
28 87 12
28 88 10
29 30 16
29 31 43
29 32 80
29 33 77
29 34 70
29 35 88
29 36 97
29 37 69
29 38 20
29 39 20
29 40 84
29 41 17
29 42 15
29 43 60
29 44 82
29 45 3
29 46 87
29 47 77
29 48 83
29 49 59
29 50 48
29 51 94
29 52 80
29 53 50
29 54 92
29 55 66
29 56 67
29 57 80
29 58 99
29 59 33
29 60 78
29 61 43
29 62 93
29 63 83
29 64 98
29 65 52
29 66 30
29 67 54
29 68 7
29 69 27
29 70 41
29 71 49
29 72 97
29 73 43
29 74 95
29 75 64
29 76 80
29 77 7
29 78 26
29 79 79
29 80 98
29 81 47
29 82 5
29 83 84
29 84 59
29 85 3
29 86 78
29 87 53
29 88 19
30 31 3
30 32 14
30 33 26
30 34 39
30 35 90
30 36 74
30 37 8
30 38 58
30 39 7
30 40 26
30 41 48
30 42 94
30 43 99
30 44 25
30 45 4
30 46 23
30 47 61
30 48 76
30 49 94
30 50 7
30 51 0
30 52 65
30 53 87
30 54 36
30 55 97
30 56 89
30 57 4
30 58 11
30 59 25
30 60 32
30 61 47
30 62 38
30 63 13
30 64 81
30 65 35
30 66 30
30 67 75
30 68 59
30 69 28
30 70 99
30 71 86
30 72 66
30 73 95
30 74 73
30 75 88
30 76 38
30 77 64
30 78 53
30 79 57
30 80 53
30 81 40
30 82 51
30 83 48
30 84 68
30 85 51
30 86 73
30 87 79
30 88 37
31 32 79
31 33 53
31 34 0
31 35 77
31 36 48
31 37 14
31 38 53
31 39 46
31 40 68
31 41 37
31 42 64
31 43 48
31 44 97
31 45 0
31 46 94
31 47 36
31 48 91
31 49 2
31 50 40
31 51 36
31 52 56
31 53 0
31 54 30
31 55 89
31 56 31
31 57 9
31 58 9
31 59 21
31 60 2
31 61 28
31 62 84
31 63 20
31 64 13
31 65 91
31 66 73
31 67 18
31 68 73
31 69 75
31 70 66
31 71 3
31 72 29
31 73 57
31 74 27
31 75 26
31 76 80
31 77 30
31 78 100
31 79 31
31 80 8
31 81 90
31 82 40
31 83 65
31 84 66
31 85 65
31 86 39
31 87 71
31 88 28
32 33 34
32 34 82
32 35 77
32 36 71
32 37 34
32 38 18
32 39 30
32 40 8
32 41 52
32 42 12
32 43 30
32 44 90
32 45 31
32 46 56
32 47 23
32 48 83
32 49 2
32 50 82
32 51 62
32 52 84
32 53 12
32 54 4
32 55 67
32 56 32
32 57 56
32 58 53
32 59 89
32 60 12
32 61 6
32 62 24
32 63 35
32 64 23
32 65 98
32 66 28
32 67 66
32 68 95
32 69 21
32 70 88
32 71 76
32 72 22
32 73 89
32 74 34
32 75 53
32 76 5
32 77 20
32 78 90
32 79 43
32 80 49
32 81 16
32 82 51
32 83 59
32 84 80
32 85 50
32 86 86
32 87 13
32 88 11
33 34 42
33 35 8
33 36 79
33 37 6
33 38 43
33 39 54
33 40 22
33 41 21
33 42 23
33 43 65
33 44 63
33 45 35
33 46 69
33 47 53
33 48 70
33 49 16
33 50 60
33 51 39
33 52 59
33 53 9
33 54 32
33 55 84
33 56 34
33 57 100
33 58 83
33 59 64
33 60 75
33 61 89
33 62 12
33 63 3
33 64 64
33 65 72
33 66 29
33 67 52
33 68 73
33 69 99
33 70 11
33 71 55
33 72 90
33 73 62
33 74 48
33 75 47
33 76 50
33 77 35
33 78 76
33 79 69
33 80 31
33 81 94
33 82 26
33 83 87
33 84 10
33 85 12
33 86 32
33 87 90
33 88 23
34 35 95
34 36 30
34 37 1
34 38 56
34 39 7
34 40 11
34 41 90
34 42 54
34 43 8
34 44 41
34 45 91
34 46 30
34 47 50
34 48 39
34 49 97
34 50 34
34 51 84
34 52 0
34 53 86
34 54 94
34 55 11
34 56 22
34 57 37
34 58 72
34 59 23
34 60 55
34 61 71
34 62 21
34 63 0
34 64 100
34 65 79
34 66 20
34 67 66
34 68 91
34 69 48
34 70 51
34 71 100
34 72 40
34 73 85
34 74 50
34 75 19
34 76 64
34 77 5
34 78 56
34 79 32
34 80 13
34 81 90
34 82 45
34 83 88
34 84 51
34 85 94
34 86 13
34 87 22
34 88 99
35 36 65
35 37 72
35 38 0
35 39 71
35 40 83
35 41 69
35 42 24
35 43 7
35 44 38
35 45 97
35 46 30
35 47 24
35 48 83
35 49 75
35 50 50
35 51 18
35 52 27
35 53 66
35 54 74
35 55 36
35 56 25
35 57 39
35 58 95
35 59 30
35 60 35
35 61 15
35 62 15
35 63 23
35 64 48
35 65 36
35 66 73
35 67 10
35 68 51
35 69 28
35 70 71
35 71 31
35 72 9
35 73 43
35 74 4
35 75 77
35 76 99
35 77 18
35 78 29
35 79 6
35 80 60
35 81 26
35 82 88
35 83 61
35 84 38
35 85 72
35 86 97
35 87 2
35 88 69
36 37 28
36 38 67
36 39 91
36 40 47
36 41 84
36 42 73
36 43 36
36 44 90
36 45 71
36 46 4
36 47 93
36 48 37
36 49 0
36 50 86
36 51 83
36 52 10
36 53 14
36 54 76
36 55 41
36 56 16
36 57 18
36 58 96
36 59 29
36 60 28
36 61 96
36 62 66
36 63 46
36 64 42
36 65 59
36 66 39
36 67 76
36 68 74
36 69 34
36 70 19
36 71 65
36 72 41
36 73 12
36 74 21
36 75 29
36 76 30
36 77 4
36 78 55
36 79 42
36 80 54
36 81 5
36 82 95
36 83 82
36 84 25
36 85 26
36 86 90
36 87 57
36 88 45
37 38 35
37 39 13
37 40 28
37 41 44
37 42 25
37 43 27
37 44 72
37 45 76
37 46 75
37 47 58
37 48 65
37 49 42
37 50 52
37 51 0
37 52 13
37 53 79
37 54 97
37 55 74
37 56 0
37 57 76
37 58 32
37 59 46
37 60 80
37 61 9
37 62 80
37 63 39
37 64 90
37 65 49
37 66 22
37 67 93
37 68 20
37 69 31
37 70 77
37 71 98
37 72 13
37 73 23
37 74 5
37 75 85
37 76 15
37 77 72
37 78 89
37 79 68
37 80 91
37 81 6
37 82 34
37 83 64
37 84 62
37 85 29
37 86 99
37 87 61
37 88 96
38 39 59
38 40 31
38 41 45
38 42 87
38 43 80
38 44 25
38 45 95
38 46 37
38 47 78
38 48 74
38 49 77
38 50 89
38 51 14
38 52 30
38 53 77
38 54 18
38 55 33
38 56 100
38 57 78
38 58 11
38 59 97
38 60 49
38 61 56
38 62 63
38 63 100
38 64 60
38 65 54
38 66 26
38 67 47
38 68 47
38 69 30
38 70 1
38 71 96
38 72 88
38 73 36
38 74 57
38 75 28
38 76 72
38 77 83
38 78 11
38 79 43
38 80 92
38 81 4
38 82 19
38 83 31
38 84 53
38 85 56
38 86 37
38 87 68
38 88 76
39 40 1
39 41 9
39 42 40
39 43 63
39 44 67
39 45 24
39 46 17
39 47 34
39 48 41
39 49 3
39 50 45
39 51 78
39 52 21
39 53 84
39 54 75
39 55 41
39 56 44
39 57 89
39 58 49
39 59 46
39 60 30
39 61 72
39 62 25
39 63 65
39 64 39
39 65 47
39 66 0
39 67 28
39 68 22
39 69 36
39 70 94
39 71 4
39 72 52
39 73 70
39 74 44
39 75 89
39 76 41
39 77 51
39 78 38
39 79 15
39 80 88
39 81 31
39 82 38
39 83 86
39 84 76
39 85 96
39 86 49
39 87 98
39 88 91
40 41 80
40 42 0
40 43 67
40 44 12
40 45 10
40 46 58
40 47 89
40 48 43
40 49 17
40 50 60
40 51 12
40 52 18
40 53 16
40 54 33
40 55 37
40 56 77
40 57 41
40 58 98
40 59 73
40 60 64
40 61 1
40 62 1
40 63 5
40 64 10
40 65 31
40 66 45
40 67 56
40 68 66
40 69 78
40 70 59
40 71 37
40 72 99
40 73 31
40 74 40
40 75 80
40 76 13
40 77 91
40 78 54
40 79 32
40 80 69
40 81 12
40 82 100
40 83 56
40 84 71
40 85 100
40 86 78
40 87 89
40 88 78
41 42 50
41 43 69
41 44 47
41 45 39
41 46 34
41 47 69
41 48 0
41 49 62
41 50 36
41 51 80
41 52 80
41 53 22
41 54 77
41 55 50
41 56 38
41 57 1
41 58 56
41 59 36
41 60 8
41 61 90
41 62 94
41 63 46
41 64 54
41 65 97
41 66 83
41 67 20
41 68 83
41 69 23
41 70 83
41 71 1
41 72 69
41 73 4
41 74 7
41 75 52
41 76 20
41 77 52
41 78 59
41 79 27
41 80 38
41 81 50
41 82 72
41 83 49
41 84 63
41 85 42
41 86 80
41 87 50
41 88 31
42 43 96
42 44 31
42 45 45
42 46 56
42 47 95
42 48 96
42 49 41
42 50 15
42 51 20
42 52 5
42 53 28
42 54 47
42 55 24
42 56 38
42 57 93
42 58 68
42 59 75
42 60 3
42 61 69
42 62 94
42 63 83
42 64 36
42 65 70
42 66 78
42 67 49
42 68 87
42 69 43
42 70 44
42 71 84
42 72 72
42 73 38
42 74 7
42 75 35
42 76 65
42 77 46
42 78 64
42 79 30
42 80 61
42 81 51
42 82 61
42 83 73
42 84 15
42 85 98
42 86 42
42 87 60
42 88 13
43 44 22
43 45 22
43 46 41
43 47 46
43 48 41
43 49 78
43 50 68
43 51 23
43 52 93
43 53 83
43 54 14
43 55 63
43 56 60
43 57 79
43 58 67
43 59 9
43 60 27
43 61 84
43 62 16
43 63 77
43 64 63
43 65 72
43 66 76
43 67 70
43 68 39
43 69 100
43 70 31
43 71 33
43 72 11
43 73 37
43 74 100
43 75 64
43 76 86
43 77 11
43 78 17
43 79 34
43 80 95
43 81 6
43 82 16
43 83 67
43 84 29
43 85 61
43 86 91
43 87 52
43 88 89
44 45 43
44 46 10
44 47 22
44 48 13
44 49 99
44 50 18
44 51 41
44 52 90
44 53 30
44 54 18
44 55 22
44 56 84
44 57 15
44 58 39
44 59 35
44 60 34
44 61 63
44 62 15
44 63 97
44 64 41
44 65 81
44 66 74
44 67 82
44 68 26
44 69 63
44 70 73
44 71 5
44 72 18
44 73 2
44 74 70
44 75 31
44 76 14
44 77 26
44 78 95
44 79 27
44 80 9
44 81 66
44 82 35
44 83 25
44 84 90
44 85 90
44 86 48
44 87 53
44 88 91
45 46 94
45 47 58
45 48 61
45 49 59
45 50 12
45 51 64
45 52 9
45 53 71
45 54 55
45 55 15
45 56 91
45 57 18
45 58 88
45 59 11
45 60 36
45 61 15
45 62 70
45 63 39
45 64 15
45 65 90
45 66 67
45 67 20
45 68 71
45 69 50
45 70 20
45 71 5
45 72 70
45 73 49
45 74 81
45 75 30
45 76 74
45 77 35
45 78 36
45 79 62
45 80 11
45 81 55
45 82 83
45 83 47
45 84 67
45 85 87
45 86 56
45 87 77
45 88 22
46 47 62
46 48 69
46 49 20
46 50 1
46 51 50
46 52 59
46 53 92
46 54 75
46 55 98
46 56 6
46 57 92
46 58 24
46 59 26
46 60 4
46 61 50
46 62 50
46 63 22
46 64 2
46 65 99
46 66 68
46 67 79
46 68 53
46 69 74
46 70 12
46 71 56
46 72 87
46 73 88
46 74 23
46 75 20
46 76 83
46 77 13
46 78 16
46 79 46
46 80 71
46 81 48
46 82 62
46 83 80
46 84 22
46 85 96
46 86 70
46 87 19
46 88 26
47 48 11
47 49 27
47 50 56
47 51 16
47 52 26
47 53 72
47 54 75
47 55 4
47 56 53
47 57 16
47 58 30
47 59 61
47 60 36
47 61 38
47 62 44
47 63 80
47 64 40
47 65 83
47 66 19
47 67 93
47 68 92
47 69 7
47 70 35
47 71 70
47 72 88
47 73 53
47 74 33
47 75 11
47 76 46
47 77 74
47 78 18
47 79 64
47 80 3
47 81 28
47 82 84
47 83 29
47 84 62
47 85 0
47 86 63
47 87 80
47 88 58
48 49 62
48 50 95
48 51 8
48 52 47
48 53 38
48 54 95
48 55 94
48 56 63
48 57 38
48 58 40
48 59 2
48 60 4
48 61 99
48 62 63
48 63 99
48 64 49
48 65 24
48 66 40
48 67 17
48 68 35
48 69 3
48 70 98
48 71 81
48 72 4
48 73 60
48 74 88
48 75 48
48 76 36
48 77 7
48 78 5
48 79 3
48 80 13
48 81 36
48 82 68
48 83 1
48 84 37
48 85 98
48 86 94
48 87 3
48 88 90
49 50 53
49 51 76
49 52 59
49 53 40
49 54 64
49 55 40
49 56 32
49 57 13
49 58 35
49 59 97
49 60 77
49 61 68
49 62 10
49 63 67
49 64 51
49 65 16
49 66 12
49 67 31
49 68 28
49 69 75
49 70 3
49 71 82
49 72 5
49 73 19
49 74 48
49 75 26
49 76 46
49 77 11
49 78 82
49 79 58
49 80 22
49 81 48
49 82 97
49 83 91
49 84 70
49 85 89
49 86 48
49 87 32
49 88 61
50 51 25
50 52 85
50 53 80
50 54 14
50 55 91
50 56 51
50 57 90
50 58 74
50 59 9
50 60 54
50 61 66
50 62 3
50 63 20
50 64 18
50 65 25
50 66 10
50 67 97
50 68 78
50 69 35
50 70 84
50 71 28
50 72 97
50 73 39
50 74 53
50 75 8
50 76 37
50 77 51
50 78 21
50 79 61
50 80 90
50 81 42
50 82 11
50 83 94
50 84 12
50 85 28
50 86 24
50 87 37
50 88 63
51 52 86
51 53 39
51 54 72
51 55 29
51 56 52
51 57 24
51 58 14
51 59 15
51 60 53
51 61 32
51 62 22
51 63 17
51 64 17
51 65 34
51 66 64
51 67 86
51 68 39
51 69 77
51 70 5
51 71 33
51 72 76
51 73 16
51 74 43
51 75 49
51 76 43
51 77 26
51 78 84
51 79 61
51 80 15
51 81 6
51 82 57
51 83 46
51 84 4
51 85 72
51 86 87
51 87 5
51 88 2
52 53 90
52 54 57
52 55 38
52 56 5
52 57 4
52 58 79
52 59 64
52 60 15
52 61 4
52 62 65
52 63 29
52 64 35
52 65 26
52 66 4
52 67 41
52 68 32
52 69 76
52 70 85
52 71 67
52 72 81
52 73 73
52 74 88
52 75 85
52 76 54
52 77 26
52 78 94
52 79 77
52 80 67
52 81 29
52 82 22
52 83 38
52 84 90
52 85 85
52 86 66
52 87 97
52 88 37
53 54 36
53 55 27
53 56 29
53 57 95
53 58 35
53 59 35
53 60 77
53 61 63
53 62 71
53 63 48
53 64 74
53 65 91
53 66 6
53 67 93
53 68 15
53 69 9
53 70 10
53 71 56
53 72 29
53 73 3
53 74 90
53 75 8
53 76 40
53 77 24
53 78 74
53 79 54
53 80 37
53 81 85
53 82 67
53 83 20
53 84 96
53 85 74
53 86 99
53 87 13
53 88 32
54 55 10
54 56 50
54 57 35
54 58 62
54 59 58
54 60 12
54 61 15
54 62 10
54 63 73
54 64 55
54 65 27
54 66 77
54 67 92
54 68 94
54 69 20
54 70 47
54 71 93
54 72 88
54 73 15
54 74 63
54 75 62
54 76 70
54 77 12
54 78 11
54 79 32
54 80 26
54 81 22
54 82 38
54 83 58
54 84 28
54 85 66
54 86 85
54 87 25
54 88 2
55 56 53
55 57 62
55 58 49
55 59 82
55 60 66
55 61 64
55 62 58
55 63 19
55 64 71
55 65 72
55 66 7
55 67 0
55 68 47
55 69 76
55 70 6
55 71 79
55 72 17
55 73 87
55 74 42
55 75 78
55 76 71
55 77 61
55 78 95
55 79 80
55 80 43
55 81 90
55 82 66
55 83 48
55 84 65
55 85 99
55 86 62
55 87 74
55 88 31
56 57 11
56 58 19
56 59 67
56 60 15
56 61 95
56 62 4
56 63 21
56 64 35
56 65 38
56 66 96
56 67 2
56 68 27
56 69 66
56 70 49
56 71 23
56 72 39
56 73 20
56 74 6
56 75 10
56 76 36
56 77 41
56 78 82
56 79 46
56 80 64
56 81 85
56 82 62
56 83 42
56 84 20
56 85 24
56 86 38
56 87 13
56 88 84
57 58 59
57 59 88
57 60 17
57 61 44
57 62 22
57 63 86
57 64 68
57 65 9
57 66 25
57 67 20
57 68 74
57 69 58
57 70 41
57 71 45
57 72 3
57 73 42
57 74 12
57 75 32
57 76 15
57 77 3
57 78 2
57 79 91
57 80 82
57 81 5
57 82 97
57 83 33
57 84 22
57 85 31
57 86 36
57 87 54
57 88 32
58 59 75
58 60 100
58 61 93
58 62 68
58 63 35
58 64 88
58 65 31
58 66 56
58 67 0
58 68 71
58 69 73
58 70 48
58 71 1
58 72 90
58 73 27
58 74 87
58 75 12
58 76 57
58 77 76
58 78 53
58 79 16
58 80 40
58 81 38
58 82 58
58 83 60
58 84 35
58 85 54
58 86 45
58 87 35
58 88 68
59 60 83
59 61 72
59 62 6
59 63 71
59 64 6
59 65 37
59 66 28
59 67 46
59 68 20
59 69 43
59 70 56
59 71 31
59 72 7
59 73 90
59 74 42
59 75 25
59 76 49
59 77 9
59 78 33
59 79 4
59 80 40
59 81 92
59 82 70
59 83 52
59 84 70
59 85 30
59 86 63
59 87 74
59 88 44
60 61 8
60 62 76
60 63 12
60 64 27
60 65 71
60 66 77
60 67 31
60 68 91
60 69 64
60 70 0
60 71 32
60 72 19
60 73 16
60 74 49
60 75 16
60 76 16
60 77 96
60 78 58
60 79 3
60 80 3
60 81 10
60 82 15
60 83 8
60 84 22
60 85 67
60 86 28
60 87 20
60 88 12
61 62 58
61 63 34
61 64 40
61 65 9
61 66 42
61 67 90
61 68 12
61 69 70
61 70 31
61 71 23
61 72 61
61 73 11
61 74 51
61 75 22
61 76 63
61 77 69
61 78 48
61 79 96
61 80 5
61 81 60
61 82 13
61 83 11
61 84 15
61 85 58
61 86 34
61 87 38
61 88 36
62 63 55
62 64 85
62 65 6
62 66 8
62 67 49
62 68 45
62 69 91
62 70 85
62 71 35
62 72 89
62 73 1
62 74 72
62 75 10
62 76 8
62 77 66
62 78 48
62 79 90
62 80 8
62 81 59
62 82 23
62 83 20
62 84 68
62 85 13
62 86 84
62 87 78
62 88 91
63 64 48
63 65 58
63 66 55
63 67 30
63 68 84
63 69 10
63 70 25
63 71 93
63 72 42
63 73 73
63 74 75
63 75 94
63 76 49
63 77 72
63 78 29
63 79 47
63 80 18
63 81 11
63 82 42
63 83 72
63 84 84
63 85 5
63 86 30
63 87 47
63 88 14
64 65 25
64 66 78
64 67 60
64 68 73
64 69 40
64 70 8
64 71 98
64 72 93
64 73 68
64 74 88
64 75 18
64 76 92
64 77 79
64 78 18
64 79 5
64 80 25
64 81 91
64 82 74
64 83 100
64 84 45
64 85 30
64 86 76
64 87 35
64 88 1
65 66 49
65 67 39
65 68 62
65 69 43
65 70 35
65 71 72
65 72 91
65 73 25
65 74 26
65 75 72
65 76 18
65 77 18
65 78 85
65 79 21
65 80 80
65 81 84
65 82 74
65 83 18
65 84 72
65 85 31
65 86 9
65 87 51
65 88 6
66 67 47
66 68 59
66 69 55
66 70 24
66 71 36
66 72 82
66 73 23
66 74 65
66 75 73
66 76 2
66 77 82
66 78 71
66 79 92
66 80 53
66 81 73
66 82 43
66 83 47
66 84 28
66 85 77
66 86 63
66 87 84
66 88 82
67 68 35
67 69 69
67 70 37
67 71 80
67 72 82
67 73 14
67 74 70
67 75 0
67 76 1
67 77 1
67 78 82
67 79 46
67 80 84
67 81 96
67 82 83
67 83 76
67 84 80
67 85 64
67 86 56
67 87 81
67 88 15
68 69 81
68 70 23
68 71 76
68 72 45
68 73 13
68 74 75
68 75 84
68 76 99
68 77 24
68 78 93
68 79 48
68 80 24
68 81 36
68 82 3
68 83 42
68 84 79
68 85 100
68 86 97
68 87 77
68 88 76
69 70 100
69 71 86
69 72 58
69 73 32
69 74 0
69 75 56
69 76 23
69 77 83
69 78 92
69 79 63
69 80 17
69 81 23
69 82 15
69 83 84
69 84 19
69 85 39
69 86 100
69 87 36
69 88 69
70 71 8
70 72 44
70 73 27
70 74 62
70 75 9
70 76 87
70 77 63
70 78 46
70 79 97
70 80 0
70 81 37
70 82 88
70 83 51
70 84 36
70 85 5
70 86 96
70 87 67
70 88 17
71 72 61
71 73 31
71 74 55
71 75 74
71 76 92
71 77 19
71 78 49
71 79 55
71 80 11
71 81 44
71 82 8
71 83 75
71 84 1
71 85 15
71 86 34
71 87 94
71 88 83
72 73 75
72 74 100
72 75 26
72 76 67
72 77 14
72 78 70
72 79 54
72 80 87
72 81 29
72 82 57
72 83 22
72 84 48
72 85 42
72 86 50
72 87 18
72 88 47
73 74 58
73 75 55
73 76 92
73 77 66
73 78 97
73 79 82
73 80 19
73 81 56
73 82 79
73 83 67
73 84 15
73 85 60
73 86 34
73 87 34
73 88 4
74 75 67
74 76 53
74 77 33
74 78 72
74 79 61
74 80 36
74 81 60
74 82 76
74 83 54
74 84 59
74 85 31
74 86 1
74 87 97
74 88 30
75 76 89
75 77 23
75 78 25
75 79 55
75 80 0
75 81 19
75 82 78
75 83 29
75 84 72
75 85 9
75 86 85
75 87 24
75 88 9
76 77 40
76 78 17
76 79 32
76 80 40
76 81 52
76 82 15
76 83 92
76 84 44
76 85 51
76 86 70
76 87 73
76 88 36
77 78 0
77 79 82
77 80 43
77 81 9
77 82 50
77 83 58
77 84 97
77 85 3
77 86 88
77 87 13
77 88 25
78 79 19
78 80 59
78 81 6
78 82 1
78 83 2
78 84 52
78 85 6
78 86 54
78 87 24
78 88 6
79 80 8
79 81 82
79 82 83
79 83 34
79 84 10
79 85 33
79 86 28
79 87 52
79 88 62
80 81 36
80 82 29
80 83 83
80 84 67
80 85 22
80 86 57
80 87 6
80 88 83
81 82 79
81 83 64
81 84 3
81 85 1
81 86 70
81 87 48
81 88 22
82 83 31
82 84 97
82 85 94
82 86 69
82 87 11
82 88 63
83 84 69
83 85 25
83 86 45
83 87 52
83 88 25
84 85 88
84 86 71
84 87 34
84 88 28
85 86 70
85 87 65
85 88 1
86 87 7
86 88 24
87 88 98
