89 3916
1 2 32
1 3 20
1 4 0
1 5 88
1 6 17
1 7 99
1 8 46
1 9 50
1 10 38
1 11 38
1 12 78
1 13 87
1 14 24
1 15 92
1 16 84
1 17 55
1 18 16
1 19 11
1 20 19
1 21 3
1 22 40
1 23 60
1 24 57
1 25 94
1 26 87
1 27 65
1 28 97
1 29 90
1 30 61
1 31 40
1 32 83
1 33 79
1 34 52
1 35 24
1 36 21
1 37 36
1 38 69
1 39 51
1 40 0
1 41 79
1 42 50
1 43 34
1 44 86
1 45 52
1 46 41
1 47 38
1 48 63
1 49 25
1 50 16
1 51 85
1 52 29
1 53 31
1 54 77
1 55 73
1 56 66
1 57 76
1 58 27
1 59 14
1 60 83
1 61 15
1 62 51
1 63 89
1 64 51
1 65 64
1 66 85
1 67 22
1 68 98
1 69 21
1 70 92
1 71 44
1 72 3
1 73 94
1 74 26
1 75 86
1 76 31
1 77 51
1 78 14
1 79 91
1 80 92
1 81 71
1 82 66
1 83 66
1 84 84
1 85 51
1 86 90
1 87 9
1 88 25
1 89 23
2 3 4
2 4 37
2 5 53
2 6 16
2 7 34
2 8 27
2 9 7
2 10 46
2 11 71
2 12 10
2 13 94
2 14 49
2 15 96
2 16 84
2 17 100
2 18 93
2 19 8
2 20 40
2 21 94
2 22 89
2 23 0
2 24 31
2 25 68
2 26 36
2 27 95
2 28 33
2 29 48
2 30 46
2 31 65
2 32 86
2 33 95
2 34 87
2 35 47
2 36 14
2 37 2
2 38 86
2 39 30
2 40 80
2 41 6
2 42 48
2 43 29
2 44 8
2 45 41
2 46 90
2 47 29
2 48 100
2 49 62
2 50 49
2 51 83
2 52 26
2 53 55
2 54 40
2 55 6
2 56 93
2 57 36
2 58 13
2 59 24
2 60 3
2 61 37
2 62 34
2 63 60
2 64 57
2 65 97
2 66 64
2 67 91
2 68 91
2 69 38
2 70 36
2 71 62
2 72 4
2 73 80
2 74 81
2 75 38
2 76 58
2 77 18
2 78 84
2 79 24
2 80 83
2 81 24
2 82 0
2 83 69
2 84 26
2 85 91
2 86 40
2 87 97
2 88 45
2 89 7
3 4 42
3 5 12
3 6 32
3 7 49
3 8 35
3 9 45
3 10 97
3 11 36
3 12 74
3 13 23
3 14 31
3 15 44
3 16 86
3 17 92
3 18 96
3 19 100
3 20 66
3 21 69
3 22 69
3 23 9
3 24 87
3 25 75
3 26 68
3 27 97
3 28 29
3 29 30
3 30 100
3 31 5
3 32 78
3 33 93
3 34 17
3 35 21
3 36 28
3 37 81
3 38 91
3 39 59
3 40 87
3 41 37
3 42 94
3 43 50
3 44 87
3 45 0
3 46 4
3 47 100
3 48 40
3 49 11
3 50 40
3 51 82
3 52 64
3 53 35
3 54 12
3 55 87
3 56 82
3 57 56
3 58 10
3 59 39
3 60 23
3 61 2
3 62 16
3 63 28
3 64 62
3 65 16
3 66 90
3 67 3
3 68 60
3 69 55
3 70 34
3 71 100
3 72 75
3 73 52
3 74 65
3 75 69
3 76 72
3 77 7
3 78 31
3 79 9
3 80 40
3 81 16
3 82 92
3 83 19
3 84 45
3 85 34
3 86 12
3 87 80
3 88 95
3 89 21
4 5 14
4 6 61
4 7 60
4 8 45
4 9 47
4 10 31
4 11 72
4 12 46
4 13 35
4 14 92
4 15 4
4 16 42
4 17 1
4 18 83
4 19 14
4 20 4
4 21 29
4 22 15
4 23 80
4 24 4
4 25 6
4 26 73
4 27 80
4 28 2
4 29 53
4 30 48
4 31 35
4 32 94
4 33 90
4 34 59
4 35 37
4 36 56
4 37 72
4 38 2
4 39 94
4 40 61
4 41 67
4 42 55
4 43 4
4 44 32
4 45 5
4 46 20
4 47 78
4 48 88
4 49 12
4 50 93
4 51 63
4 52 79
4 53 95
4 54 68
4 55 93
4 56 99
4 57 62
4 58 62
4 59 7
4 60 40
4 61 74
4 62 79
4 63 100
4 64 77
4 65 79
4 66 61
4 67 33
4 68 49
4 69 92
4 70 68
4 71 30
4 72 20
4 73 41
4 74 47
4 75 84
4 76 79
4 77 64
4 78 38
4 79 43
4 80 74
4 81 14
4 82 90
4 83 90
4 84 35
4 85 61
4 86 36
4 87 27
4 88 68
4 89 26
5 6 80
5 7 58
5 8 62
5 9 61
5 10 33
5 11 78
5 12 67
5 13 15
5 14 4
5 15 71
5 16 38
5 17 58
5 18 67
5 19 25
5 20 33
5 21 96
5 22 13
5 23 52
5 24 87
5 25 73
5 26 70
5 27 92
5 28 100
5 29 56
5 30 81
5 31 93
5 32 9
5 33 59
5 34 52
5 35 52
5 36 13
5 37 62
5 38 22
5 39 30
5 40 100
5 41 100
5 42 29
5 43 24
5 44 79
5 45 99
5 46 0
5 47 57
5 48 60
5 49 79
5 50 9
5 51 66
5 52 23
5 53 80
5 54 4
5 55 59
5 56 86
5 57 52
5 58 62
5 59 66
5 60 75
5 61 40
5 62 14
5 63 80
5 64 68
5 65 97
5 66 16
5 67 31
5 68 33
5 69 98
5 70 22
5 71 98
5 72 27
5 73 84
5 74 43
5 75 68
5 76 10
5 77 30
5 78 45
5 79 30
5 80 24
5 81 13
5 82 93
5 83 90
5 84 27
5 85 37
5 86 36
5 87 92
5 88 22
5 89 90
6 7 91
6 8 88
6 9 59
6 10 23
6 11 83
6 12 17
6 13 34
6 14 87
6 15 39
6 16 69
6 17 48
6 18 86
6 19 24
6 20 30
6 21 9
6 22 40
6 23 2
6 24 87
6 25 55
6 26 95
6 27 66
6 28 7
6 29 17
6 30 47
6 31 39
6 32 82
6 33 38
6 34 81
6 35 72
6 36 83
6 37 86
6 38 64
6 39 90
6 40 54
6 41 35
6 42 74
6 43 36
6 44 51
6 45 1
6 46 15
6 47 79
6 48 84
6 49 41
6 50 4
6 51 100
6 52 15
6 53 66
6 54 91
6 55 78
6 56 76
6 57 31
6 58 36
6 59 63
6 60 18
6 61 36
6 62 76
6 63 71
6 64 85
6 65 24
6 66 30
6 67 54
6 68 38
6 69 5
6 70 93
6 71 41
6 72 50
6 73 38
6 74 1
6 75 76
6 76 7
6 77 61
6 78 72
6 79 60
6 80 91
6 81 93
6 82 2
6 83 100
6 84 64
6 85 19
6 86 45
6 87 72
6 88 65
6 89 84
7 8 26
7 9 39
7 10 99
7 11 5
7 12 85
7 13 100
7 14 62
7 15 60
7 16 26
7 17 65
7 18 51
7 19 49
7 20 87
7 21 92
7 22 98
7 23 71
7 24 57
7 25 64
7 26 2
7 27 5
7 28 30
7 29 77
7 30 12
7 31 36
7 32 39
7 33 100
7 34 77
7 35 6
7 36 27
7 37 63
7 38 90
7 39 98
7 40 86
7 41 39
7 42 95
7 43 50
7 44 48
7 45 94
7 46 2
7 47 72
7 48 55
7 49 78
7 50 16
7 51 29
7 52 35
7 53 7
7 54 33
7 55 42
7 56 72
7 57 76
7 58 19
7 59 5
7 60 64
7 61 44
7 62 86
7 63 100
7 64 38
7 65 62
7 66 14
7 67 10
7 68 3
7 69 94
7 70 7
7 71 17
7 72 66
7 73 18
7 74 16
7 75 60
7 76 64
7 77 98
7 78 47
7 79 4
7 80 38
7 81 48
7 82 42
7 83 52
7 84 46
7 85 76
7 86 62
7 87 75
7 88 37
7 89 69
8 9 83
8 10 77
8 11 10
8 12 21
8 13 27
8 14 78
8 15 32
8 16 22
8 17 27
8 18 100
8 19 20
8 20 85
8 21 2
8 22 11
8 23 18
8 24 59
8 25 65
8 26 77
8 27 29
8 28 50
8 29 0
8 30 54
8 31 53
8 32 46
8 33 7
8 34 36
8 35 13
8 36 11
8 37 57
8 38 90
8 39 47
8 40 13
8 41 71
8 42 18
8 43 70
8 44 90
8 45 24
8 46 91
8 47 1
8 48 14
8 49 19
8 50 38
8 51 60
8 52 62
8 53 73
8 54 27
8 55 90
8 56 84
8 57 40
8 58 33
8 59 0
8 60 38
8 61 17
8 62 2
8 63 73
8 64 29
8 65 39
8 66 34
8 67 68
8 68 5
8 69 46
8 70 56
8 71 9
8 72 8
8 73 9
8 74 65
8 75 79
8 76 13
8 77 84
8 78 62
8 79 76
8 80 20
8 81 27
8 82 78
8 83 100
8 84 44
8 85 82
8 86 4
8 87 51
8 88 71
8 89 54
9 10 87
9 11 20
9 12 8
9 13 56
9 14 25
9 15 20
9 16 93
9 17 9
9 18 83
9 19 89
9 20 89
9 21 34
9 22 39
9 23 83
9 24 52
9 25 74
9 26 83
9 27 25
9 28 23
9 29 85
9 30 96
9 31 100
9 32 97
9 33 95
9 34 91
9 35 24
9 36 74
9 37 34
9 38 39
9 39 75
9 40 38
9 41 88
9 42 5
9 43 20
9 44 50
9 45 47
9 46 28
9 47 37
9 48 39
9 49 65
9 50 8
9 51 42
9 52 31
9 53 53
9 54 88
9 55 32
9 56 35
9 57 4
9 58 49
9 59 14
9 60 61
9 61 37
9 62 15
9 63 47
9 64 27
9 65 61
9 66 92
9 67 59
9 68 27
9 69 49
9 70 54
9 71 31
9 72 31
9 73 86
9 74 84
9 75 23
9 76 73
9 77 38
9 78 77
9 79 4
9 80 5
9 81 98
9 82 87
9 83 93
9 84 14
9 85 4
9 86 43
9 87 34
9 88 26
9 89 42
10 11 79
10 12 95
10 13 88
10 14 88
10 15 17
10 16 3
10 17 58
10 18 95
10 19 34
10 20 83
10 21 81
10 22 33
10 23 25
10 24 53
10 25 3
10 26 37
10 27 53
10 28 89
10 29 17
10 30 14
10 31 41
10 32 92
10 33 38
10 34 45
10 35 96
10 36 11
10 37 16
10 38 41
10 39 3
10 40 83
10 41 96
10 42 42
10 43 57
10 44 78
10 45 73
10 46 47
10 47 71
10 48 96
10 49 6
10 50 44
10 51 13
10 52 85
10 53 46
10 54 4
10 55 26
10 56 34
10 57 34
10 58 11
10 59 61
10 60 4
10 61 34
10 62 11
10 63 18
10 64 78
10 65 52
10 66 45
10 67 87
10 68 53
10 69 61
10 70 91
10 71 61
10 72 14
10 73 44
10 74 43
10 75 18
10 76 90
10 77 5
10 78 48
10 79 80
10 80 23
10 81 100
10 82 9
10 83 90
10 84 70
10 85 84
10 86 33
10 87 30
10 88 76
10 89 17
11 12 24
11 13 85
11 14 68
11 15 28
11 16 48
11 17 20
11 18 82
11 19 67
11 20 76
11 21 26
11 22 83
11 23 75
11 24 62
11 25 26
11 26 87
11 27 66
11 28 41
11 29 33
11 30 36
11 31 100
11 32 8
11 33 4
11 34 42
11 35 31
11 36 59
11 37 48
11 38 39
11 39 74
11 40 65
11 41 31
11 42 98
11 43 9
11 44 76
11 45 26
11 46 27
11 47 0
11 48 28
11 49 94
11 50 13
11 51 7
11 52 46
11 53 97
11 54 32
11 55 21
11 56 56
11 57 59
11 58 65
11 59 13
11 60 99
11 61 75
11 62 30
11 63 68
11 64 71
11 65 51
11 66 51
11 67 93
11 68 72
11 69 87
11 70 1
11 71 70
11 72 96
11 73 71
11 74 85
11 75 45
11 76 78
11 77 26
11 78 45
11 79 49
11 80 94
11 81 19
11 82 7
11 83 66
11 84 46
11 85 8
11 86 58
11 87 20
11 88 23
11 89 71
12 13 62
12 14 2
12 15 9
12 16 62
12 17 52
12 18 73
12 19 75
12 20 4
12 21 96
12 22 99
12 23 31
12 24 12
12 25 15
12 26 40
12 27 75
12 28 45
12 29 59
12 30 5
12 31 24
12 32 2
12 33 72
12 34 7
12 35 98
12 36 8
12 37 97
12 38 58
12 39 98
12 40 92
12 41 53
12 42 55
12 43 29
12 44 87
12 45 76
12 46 58
12 47 27
12 48 63
12 49 56
12 50 7
12 51 86
12 52 4
12 53 25
12 54 16
12 55 32
12 56 47
12 57 39
12 58 81
12 59 63
12 60 28
12 61 67
12 62 98
12 63 32
12 64 16
12 65 31
12 66 32
12 67 89
12 68 37
12 69 25
12 70 15
12 71 44
12 72 45
12 73 63
12 74 46
12 75 85
12 76 42
12 77 49
12 78 63
12 79 65
12 80 56
12 81 22
12 82 89
12 83 65
12 84 7
12 85 83
12 86 77
12 87 32
12 88 48
12 89 30
13 14 96
13 15 36
13 16 3
13 17 15
13 18 12
13 19 79
13 20 26
13 21 11
13 22 66
13 23 23
13 24 61
13 25 45
13 26 56
13 27 17
13 28 70
13 29 90
13 30 59
13 31 27
13 32 24
13 33 40
13 34 1
13 35 73
13 36 35
13 37 25
13 38 49
13 39 50
13 40 23
13 41 46
13 42 12
13 43 98
13 44 86
13 45 31
13 46 73
13 47 94
13 48 95
13 49 13
13 50 48
13 51 27
13 52 44
13 53 45
13 54 40
13 55 89
13 56 91
13 57 29
13 58 82
13 59 51
13 60 53
13 61 80
13 62 47
13 63 43
13 64 26
13 65 99
13 66 25
13 67 49
13 68 20
13 69 28
13 70 24
13 71 94
13 72 31
13 73 19
13 74 99
13 75 82
13 76 93
13 77 83
13 78 21
13 79 7
13 80 67
13 81 57
13 82 19
13 83 89
13 84 2
13 85 90
13 86 45
13 87 10
13 88 59
13 89 10
14 15 33
14 16 40
14 17 5
14 18 58
14 19 50
14 20 29
14 21 87
14 22 30
14 23 71
14 24 50
14 25 22
14 26 4
14 27 68
14 28 15
14 29 81
14 30 1
14 31 13
14 32 66
14 33 79
14 34 28
14 35 54
14 36 83
14 37 34
14 38 87
14 39 22
14 40 53
14 41 63
14 42 96
14 43 30
14 44 46
14 45 47
14 46 11
14 47 3
14 48 8
14 49 97
14 50 86
14 51 68
14 52 28
14 53 43
14 54 88
14 55 51
14 56 18
14 57 33
14 58 90
14 59 45
14 60 19
14 61 22
14 62 21
14 63 96
14 64 83
14 65 34
14 66 69
14 67 58
14 68 28
14 69 95
14 70 92
14 71 29
14 72 97
14 73 69
14 74 36
14 75 29
14 76 72
14 77 70
14 78 55
14 79 46
14 80 34
14 81 64
14 82 49
14 83 7
14 84 41
14 85 14
14 86 57
14 87 89
14 88 94
14 89 68
15 16 71
15 17 2
15 18 24
15 19 55
15 20 68
15 21 76
15 22 93
15 23 57
15 24 80
15 25 48
15 26 69
15 27 94
15 28 73
15 29 98
15 30 34
15 31 61
15 32 83
15 33 55
15 34 16
15 35 87
15 36 20
15 37 74
15 38 41
15 39 17
15 40 25
15 41 55
15 42 74
15 43 89
15 44 85
15 45 4
15 46 77
15 47 70
15 48 25
15 49 20
15 50 18
15 51 50
15 52 14
15 53 30
15 54 5
15 55 6
15 56 85
15 57 36
15 58 64
15 59 14
15 60 22
15 61 53
15 62 65
15 63 71
15 64 64
15 65 40
15 66 46
15 67 5
15 68 1
15 69 23
15 70 34
15 71 34
15 72 85
15 73 45
15 74 51
15 75 49
15 76 2
15 77 67
15 78 79
15 79 55
15 80 20
15 81 35
15 82 43
15 83 58
15 84 18
15 85 41
15 86 93
15 87 93
15 88 28
15 89 46
16 17 66
16 18 28
16 19 4
16 20 13
16 21 23
16 22 47
16 23 1
16 24 22
16 25 27
16 26 61
16 27 48
16 28 86
16 29 90
16 30 85
16 31 69
16 32 92
16 33 87
16 34 5
16 35 61
16 36 39
16 37 30
16 38 44
16 39 22
16 40 98
16 41 52
16 42 30
16 43 89
16 44 91
16 45 11
16 46 38
16 47 94
16 48 68
16 49 98
16 50 87
16 51 52
16 52 8
16 53 37
16 54 19
16 55 13
16 56 96
16 57 7
16 58 16
16 59 67
16 60 41
16 61 50
16 62 96
16 63 90
16 64 99
16 65 77
16 66 69
16 67 11
16 68 41
16 69 89
16 70 34
16 71 18
16 72 6
16 73 45
16 74 30
16 75 91
16 76 29
16 77 17
16 78 93
16 79 20
16 80 79
16 81 49
16 82 8
16 83 23
16 84 32
16 85 97
16 86 89
16 87 0
16 88 65
16 89 57
17 18 13
17 19 35
17 20 34
17 21 8
17 22 81
17 23 83
17 24 78
17 25 18
17 26 71
17 27 70
17 28 59
17 29 27
17 30 62
17 31 6
17 32 36
17 33 13
17 34 88
17 35 73
17 36 61
17 37 96
17 38 35
17 39 27
17 40 66
17 41 54
17 42 78
17 43 80
17 44 21
17 45 15
17 46 64
17 47 22
17 48 39
17 49 17
17 50 91
17 51 62
17 52 1
17 53 83
17 54 41
17 55 68
17 56 15
17 57 38
17 58 7
17 59 100
17 60 59
17 61 80
17 62 94
17 63 88
17 64 84
17 65 32
17 66 37
17 67 70
17 68 43
17 69 21
17 70 14
17 71 13
17 72 49
17 73 92
17 74 88
17 75 98
17 76 26
17 77 81
17 78 22
17 79 57
17 80 77
17 81 28
17 82 35
17 83 100
17 84 62
17 85 66
17 86 45
17 87 33
17 88 31
17 89 99
18 19 67
18 20 96
18 21 99
18 22 91
18 23 67
18 24 98
18 25 0
18 26 5
18 27 68
18 28 72
18 29 92
18 30 90
18 31 61
18 32 59
18 33 31
18 34 72
18 35 39
18 36 69
18 37 19
18 38 30
18 39 5
18 40 24
18 41 25
18 42 75
18 43 2
18 44 31
18 45 16
18 46 26
18 47 10
18 48 79
18 49 73
18 50 39
18 51 94
18 52 21
18 53 39
18 54 61
18 55 36
18 56 48
18 57 67
18 58 31
18 59 1
18 60 99
18 61 67
18 62 83
18 63 62
18 64 46
18 65 90
18 66 20
18 67 18
18 68 24
18 69 2
18 70 21
18 71 15
18 72 8
18 73 32
18 74 41
18 75 53
18 76 2
18 77 83
18 78 28
18 79 27
18 80 43
18 81 93
18 82 97
18 83 68
18 84 14
18 85 49
18 86 93
18 87 78
18 88 83
18 89 6
19 20 51
19 21 79
19 22 50
19 23 50
19 24 18
19 25 99
19 26 43
19 27 57
19 28 77
19 29 98
19 30 17
19 31 37
19 32 59
19 33 12
19 34 40
19 35 42
19 36 30
19 37 32
19 38 52
19 39 75
19 40 9
19 41 83
19 42 91
19 43 79
19 44 45
19 45 71
19 46 98
19 47 94
19 48 79
19 49 20
19 50 13
19 51 61
19 52 57
19 53 84
19 54 64
19 55 43
19 56 96
19 57 74
19 58 83
19 59 91
19 60 91
19 61 2
19 62 86
19 63 78
19 64 19
19 65 98
19 66 87
19 67 1
19 68 61
19 69 85
19 70 73
19 71 69
19 72 96
19 73 26
19 74 5
19 75 72
19 76 63
19 77 85
19 78 37
19 79 53
19 80 54
19 81 78
19 82 66
19 83 87
19 84 48
19 85 94
19 86 37
19 87 87
19 88 84
19 89 8
20 21 4
20 22 100
20 23 5
20 24 84
20 25 85
20 26 80
20 27 92
20 28 96
20 29 20
20 30 2
20 31 41
20 32 89
20 33 38
20 34 79
20 35 7
20 36 87
20 37 24
20 38 95
20 39 74
20 40 4
20 41 64
20 42 20
20 43 52
20 44 33
20 45 25
20 46 14
20 47 84
20 48 28
20 49 12
20 50 18
20 51 94
20 52 47
20 53 23
20 54 42
20 55 18
20 56 36
20 57 74
20 58 90
20 59 96
20 60 42
20 61 22
20 62 86
20 63 65
20 64 72
20 65 86
20 66 79
20 67 26
20 68 71
20 69 39
20 70 4
20 71 10
20 72 13
20 73 28
20 74 18
20 75 42
20 76 93
20 77 84
20 78 67
20 79 91
20 80 88
20 81 45
20 82 83
20 83 59
20 84 82
20 85 22
20 86 96
20 87 81
20 88 67
20 89 71
21 22 37
21 23 7
21 24 2
21 25 50
21 26 86
21 27 31
21 28 15
21 29 56
21 30 3
21 31 39
21 32 62
21 33 85
21 34 33
21 35 64
21 36 74
21 37 10
21 38 37
21 39 7
21 40 68
21 41 40
21 42 82
21 43 22
21 44 39
21 45 17
21 46 13
21 47 34
21 48 86
21 49 15
21 50 27
21 51 29
21 52 37
21 53 51
21 54 65
21 55 42
21 56 32
21 57 47
21 58 72
21 59 15
21 60 72
21 61 72
21 62 88
21 63 94
21 64 66
21 65 96
21 66 68
21 67 41
21 68 73
21 69 2
21 70 49
21 71 51
21 72 6
21 73 83
21 74 21
21 75 81
21 76 95
21 77 42
21 78 3
21 79 8
21 80 1
21 81 11
21 82 44
21 83 40
21 84 40
21 85 58
21 86 73
21 87 58
21 88 63
21 89 47
22 23 89
22 24 15
22 25 2
22 26 21
22 27 2
22 28 42
22 29 92
22 30 57
22 31 80
22 32 83
22 33 36
22 34 97
22 35 24
22 36 89
22 37 100
22 38 20
22 39 67
22 40 67
22 41 97
22 42 13
22 43 49
22 44 55
22 45 62
22 46 71
22 47 36
22 48 90
22 49 32
22 50 37
22 51 15
22 52 84
22 53 20
22 54 75
22 55 47
22 56 4
22 57 57
22 58 25
22 59 89
22 60 36
22 61 69
22 62 71
22 63 11
22 64 4
22 65 68
22 66 5
22 67 50
22 68 46
22 69 23
22 70 71
22 71 55
22 72 62
22 73 15
22 74 24
22 75 47
22 76 79
22 77 55
22 78 83
22 79 78
22 80 45
22 81 56
22 82 83
22 83 0
22 84 11
22 85 51
22 86 95
22 87 42
22 88 27
22 89 93
23 24 71
23 25 19
23 26 59
23 27 60
23 28 24
23 29 65
23 30 94
23 31 33
23 32 31
23 33 42
23 34 10
23 35 99
23 36 55
23 37 97
23 38 63
23 39 53
23 40 55
23 41 18
23 42 15
23 43 15
23 44 66
23 45 57
23 46 85
23 47 68
23 48 72
23 49 63
23 50 13
23 51 8
23 52 43
23 53 83
23 54 59
23 55 78
23 56 35
23 57 15
23 58 8
23 59 46
23 60 13
23 61 74
23 62 42
23 63 3
23 64 59
23 65 77
23 66 15
23 67 32
23 68 56
23 69 51
23 70 93
23 71 74
23 72 8
23 73 14
23 74 97
23 75 7
23 76 44
23 77 64
23 78 29
23 79 34
23 80 76
23 81 49
23 82 51
23 83 87
23 84 21
23 85 95
23 86 74
23 87 84
23 88 20
23 89 21
24 25 54
24 26 78
24 27 94
24 28 50
24 29 88
24 30 80
24 31 65
24 32 81
24 33 64
24 34 47
24 35 5
24 36 91
24 37 37
24 38 47
24 39 51
24 40 32
24 41 85
24 42 84
24 43 31
24 44 56
24 45 27
24 46 79
24 47 77
24 48 78
24 49 39
24 50 64
24 51 82
24 52 44
24 53 4
24 54 39
24 55 80
24 56 92
24 57 16
24 58 87
24 59 47
24 60 39
24 61 59
24 62 88
24 63 86
24 64 82
24 65 70
24 66 41
24 67 79
24 68 37
24 69 38
24 70 46
24 71 37
24 72 40
24 73 90
24 74 21
24 75 28
24 76 90
24 77 6
24 78 57
24 79 29
24 80 70
24 81 39
24 82 73
24 83 26
24 84 12
24 85 56
24 86 19
24 87 26
24 88 86
24 89 38
25 26 78
25 27 69
25 28 13
25 29 87
25 30 51
25 31 50
25 32 45
25 33 91
25 34 56
25 35 65
25 36 6
25 37 84
25 38 38
25 39 7
25 40 13
25 41 45
25 42 7
25 43 1
25 44 10
25 45 90
25 46 88
25 47 77
25 48 96
25 49 33
25 50 67
25 51 4
25 52 12
25 53 85
25 54 17
25 55 62
25 56 16
25 57 86
25 58 41
25 59 77
25 60 10
25 61 2
25 62 95
25 63 93
25 64 38
25 65 55
25 66 87
25 67 0
25 68 82
25 69 76
25 70 93
25 71 14
25 72 15
25 73 95
25 74 76
25 75 94
25 76 31
25 77 71
25 78 2
25 79 68
25 80 51
25 81 39
25 82 4
25 83 90
25 84 19
25 85 82
25 86 98
25 87 69
25 88 32
25 89 37
26 27 73
26 28 27
26 29 70
26 30 43
26 31 86
26 32 78
26 33 40
26 34 18
26 35 78
26 36 17
26 37 14
26 38 87
26 39 90
26 40 34
26 41 29
26 42 27
26 43 33
26 44 48
26 45 39
26 46 95
26 47 55
26 48 83
26 49 85
26 50 35
26 51 89
26 52 63
26 53 39
26 54 23
26 55 8
26 56 84
26 57 27
26 58 8
26 59 9
26 60 81
26 61 61
26 62 30
26 63 13
26 64 61
26 65 8
26 66 42
26 67 65
26 68 29
26 69 25
26 70 1
26 71 46
26 72 75
26 73 69
26 74 72
26 75 46
26 76 20
26 77 1
26 78 38
26 79 35
26 80 67
26 81 47
26 82 6
26 83 14
26 84 45
26 85 50
26 86 42
26 87 72
26 88 91
26 89 65
27 28 61
27 29 45
27 30 58
27 31 18
27 32 37
27 33 47
27 34 10
27 35 64
27 36 4
27 37 5
27 38 33
27 39 22
27 40 76
27 41 24
27 42 5
27 43 42
27 44 40
27 45 42
27 46 10
27 47 89
27 48 78
27 49 96
27 50 6
27 51 29
27 52 41
27 53 81
27 54 74
27 55 41
27 56 8
27 57 55
27 58 17
27 59 74
27 60 45
27 61 8
27 62 42
27 63 59
27 64 81
27 65 38
27 66 82
27 67 99
27 68 43
27 69 76
27 70 8
27 71 45
27 72 71
27 73 97
27 74 19
27 75 82
27 76 20
27 77 12
27 78 20
27 79 25
27 80 54
27 81 6
27 82 83
27 83 26
27 84 97
27 85 21
27 86 38
27 87 32
27 88 43
27 89 36
28 29 36
28 30 96
28 31 1
28 32 72
28 33 98
28 34 46
28 35 31
28 36 83
28 37 58
28 38 46
28 39 79
28 40 55
28 41 92
28 42 79
28 43 95
28 44 10
28 45 52
28 46 42
28 47 25
28 48 13
28 49 82
28 50 25
28 51 63
28 52 85
28 53 89
28 54 2
28 55 92
28 56 2
28 57 44
28 58 60
28 59 70
28 60 26
28 61 15
28 62 100
28 63 94
28 64 53
28 65 67
28 66 95
28 67 50
28 68 27
28 69 46
28 70 44
28 71 86
28 72 2
28 73 24
28 74 53
28 75 15
28 76 98
28 77 25
28 78 62
28 79 39
28 80 75
28 81 41
28 82 98
28 83 55
28 84 14
28 85 79
28 86 19
28 87 61
28 88 91
28 89 81
29 30 87
29 31 4
29 32 6
29 33 80
29 34 24
29 35 44
29 36 100
29 37 38
29 38 83
29 39 32
29 40 27
29 41 23
29 42 50
29 43 13
29 44 29
29 45 0
29 46 92
29 47 77
29 48 68
29 49 85
29 50 97
29 51 70
29 52 35
29 53 80
29 54 57
29 55 87
29 56 68
29 57 85
29 58 19
29 59 49
29 60 36
29 61 48
29 62 81
29 63 3
29 64 28
29 65 10
29 66 3
29 67 13
29 68 69
29 69 33
29 70 18
29 71 87
29 72 13
29 73 57
29 74 58
29 75 9
29 76 4
29 77 72
29 78 2
29 79 91
29 80 1
29 81 98
29 82 45
29 83 35
29 84 79
29 85 82
29 86 13
29 87 70
29 88 2
29 89 16
30 31 20
30 32 80
30 33 80
30 34 64
30 35 39
30 36 86
30 37 12
30 38 57
30 39 45
30 40 63
30 41 94
30 42 82
30 43 95
30 44 24
30 45 15
30 46 46
30 47 35
30 48 12
30 49 19
30 50 11
30 51 87
30 52 3
30 53 85
30 54 20
30 55 68
30 56 1
30 57 87
30 58 74
30 59 64
30 60 94
30 61 88
30 62 97
30 63 73
30 64 47
30 65 51
30 66 38
30 67 69
30 68 19
30 69 41
30 70 26
30 71 33
30 72 69
30 73 93
30 74 18
30 75 91
30 76 64
30 77 87
30 78 84
30 79 64
30 80 35
30 81 12
30 82 75
30 83 57
30 84 51
30 85 18
30 86 2
30 87 97
30 88 76
30 89 47
31 32 78
31 33 22
31 34 24
31 35 80
31 36 65
31 37 29
31 38 43
31 39 49
31 40 72
31 41 31
31 42 77
31 43 21
31 44 31
31 45 45
31 46 77
31 47 89
31 48 71
31 49 85
31 50 100
31 51 94
31 52 35
31 53 72
31 54 12
31 55 17
31 56 99
31 57 0
31 58 66
31 59 58
31 60 87
31 61 64
31 62 63
31 63 12
31 64 83
31 65 36
31 66 57
31 67 60
31 68 40
31 69 15
31 70 89
31 71 44
31 72 20
31 73 53
31 74 48
31 75 57
31 76 26
31 77 18
31 78 70
31 79 42
31 80 46
31 81 76
31 82 15
31 83 25
31 84 100
31 85 31
31 86 65
31 87 82
31 88 85
31 89 59
32 33 49
32 34 32
32 35 97
32 36 72
32 37 15
32 38 97
32 39 72
32 40 90
32 41 18
32 42 84
32 43 23
32 44 0
32 45 22
32 46 4
32 47 100
32 48 75
32 49 0
32 50 31
32 51 25
32 52 19
32 53 60
32 54 27
32 55 77
32 56 43
32 57 25
32 58 61
32 59 31
32 60 7
32 61 1
32 62 72
32 63 60
32 64 0
32 65 65
32 66 9
32 67 69
32 68 22
32 69 6
32 70 40
32 71 43
32 72 2
32 73 46
32 74 52
32 75 67
32 76 30
32 77 20
32 78 86
32 79 72
32 80 71
32 81 61
32 82 30
32 83 92
32 84 60
32 85 55
32 86 99
32 87 47
32 88 92
32 89 63
33 34 0
33 35 43
33 36 58
33 37 30
33 38 94
33 39 62
33 40 6
33 41 84
33 42 38
33 43 88
33 44 60
33 45 33
33 46 78
33 47 44
33 48 5
33 49 82
33 50 99
33 51 80
33 52 37
33 53 16
33 54 53
33 55 0
33 56 80
33 57 84
33 58 23
33 59 68
33 60 98
33 61 16
33 62 59
33 63 69
33 64 87
33 65 60
33 66 87
33 67 84
33 68 36
33 69 98
33 70 56
33 71 22
33 72 66
33 73 38
33 74 13
33 75 2
33 76 49
33 77 83
33 78 17
33 79 36
33 80 32
33 81 7
33 82 12
33 83 93
33 84 27
33 85 6
33 86 80
33 87 96
33 88 20
33 89 33
34 35 23
34 36 29
34 37 82
34 38 53
34 39 2
34 40 93
34 41 32
34 42 22
34 43 76
34 44 41
34 45 96
34 46 42
34 47 28
34 48 16
34 49 21
34 50 77
34 51 72
34 52 9
34 53 58
34 54 85
34 55 71
34 56 25
34 57 51
34 58 26
34 59 23
34 60 76
34 61 74
34 62 9
34 63 66
34 64 94
34 65 28
34 66 42
34 67 48
34 68 30
34 69 33
34 70 59
34 71 19
34 72 91
34 73 74
34 74 32
34 75 80
34 76 19
34 77 12
34 78 31
34 79 95
34 80 10
34 81 38
34 82 67
34 83 79
34 84 52
34 85 14
34 86 98
34 87 56
34 88 40
34 89 15
35 36 40
35 37 56
35 38 26
35 39 98
35 40 90
35 41 80
35 42 51
35 43 13
35 44 1
35 45 13
35 46 52
35 47 92
35 48 33
35 49 82
35 50 99
35 51 34
35 52 71
35 53 38
35 54 28
35 55 67
35 56 15
35 57 36
35 58 15
35 59 71
35 60 19
35 61 93
35 62 34
35 63 56
35 64 22
35 65 86
35 66 80
35 67 66
35 68 58
35 69 80
35 70 4
35 71 100
35 72 92
35 73 11
35 74 83
35 75 44
35 76 18
35 77 97
35 78 73
35 79 51
35 80 45
35 81 44
35 82 77
35 83 34
35 84 25
35 85 30
35 86 40
35 87 19
35 88 82
35 89 64
36 37 83
36 38 89
36 39 16
36 40 53
36 41 90
36 42 1
36 43 10
36 44 71
36 45 24
36 46 32
36 47 32
36 48 3
36 49 7
36 50 46
36 51 52
36 52 56
36 53 88
36 54 83
36 55 70
36 56 93
36 57 50
36 58 100
36 59 12
36 60 98
36 61 75
36 62 12
36 63 1
36 64 29
36 65 73
36 66 25
36 67 70
36 68 71
36 69 14
36 70 86
36 71 50
36 72 33
36 73 31
36 74 5
36 75 21
36 76 94
36 77 6
36 78 80
36 79 37
36 80 5
36 81 10
36 82 35
36 83 29
36 84 57
36 85 75
36 86 31
36 87 57
36 88 98
36 89 75
37 38 48
37 39 52
37 40 45
37 41 48
37 42 90
37 43 57
37 44 14
37 45 36
37 46 27
37 47 60
37 48 22
37 49 48
37 50 86
37 51 35
37 52 13
37 53 48
37 54 67
37 55 6
37 56 77
37 57 23
37 58 19
37 59 1
37 60 83
37 61 2
37 62 37
37 63 85
37 64 92
37 65 84
37 66 94
37 67 86
37 68 76
37 69 58
37 70 54
37 71 22
37 72 80
37 73 17
37 74 47
37 75 27
37 76 100
37 77 61
37 78 49
37 79 41
37 80 74
37 81 1
37 82 79
37 83 40
37 84 23
37 85 14
37 86 9
37 87 35
37 88 84
37 89 67
38 39 60
38 40 41
38 41 86
38 42 92
38 43 10
38 44 9
38 45 31
38 46 48
38 47 90
38 48 67
38 49 6
38 50 66
38 51 21
38 52 96
38 53 46
38 54 83
38 55 75
38 56 2
38 57 21
38 58 32
38 59 22
38 60 86
38 61 53
38 62 21
38 63 70
38 64 100
38 65 36
38 66 40
38 67 89
38 68 21
38 69 93
38 70 91
38 71 79
38 72 30
38 73 22
38 74 20
38 75 66
38 76 34
38 77 19
38 78 43
38 79 2
38 80 43
38 81 28
38 82 63
38 83 97
38 84 16
38 85 26
38 86 67
38 87 60
38 88 97
38 89 64
39 40 2
39 41 10
39 42 18
39 43 48
39 44 91
39 45 52
39 46 3
39 47 44
39 48 10
39 49 66
39 50 23
39 51 84
39 52 94
39 53 100
39 54 24
39 55 92
39 56 0
39 57 52
39 58 46
39 59 35
39 60 30
39 61 70
39 62 40
39 63 83
39 64 1
39 65 13
39 66 90
39 67 53
39 68 77
39 69 63
39 70 64
39 71 8
39 72 67
39 73 17
39 74 75
39 75 100
39 76 35
39 77 62
39 78 5
39 79 7
39 80 6
39 81 6
39 82 47
39 83 91
39 84 33
39 85 13
39 86 37
39 87 63
39 88 77
39 89 90
40 41 24
40 42 75
40 43 88
40 44 100
40 45 11
40 46 87
40 47 30
40 48 59
40 49 6
40 50 96
40 51 66
40 52 90
40 53 78
40 54 10
40 55 19
40 56 79
40 57 36
40 58 51
40 59 96
40 60 26
40 61 92
40 62 14
40 63 97
40 64 45
40 65 50
40 66 43
40 67 24
40 68 62
40 69 27
40 70 42
40 71 22
40 72 60
40 73 100
40 74 27
40 75 99
40 76 33
40 77 78
40 78 64
40 79 39
40 80 43
40 81 77
40 82 36
40 83 1
40 84 12
40 85 83
40 86 42
40 87 66
40 88 83
40 89 99
41 42 81
41 43 41
41 44 3
41 45 50
41 46 38
41 47 8
41 48 23
41 49 1
41 50 26
41 51 80
41 52 56
41 53 40
41 54 17
41 55 67
41 56 85
41 57 41
41 58 32
41 59 79
41 60 60
41 61 21
41 62 55
41 63 54
41 64 90
41 65 34
41 66 88
41 67 88
41 68 33
41 69 65
41 70 54
41 71 4
41 72 12
41 73 34
41 74 30
41 75 57
41 76 73
41 77 86
41 78 0
41 79 37
41 80 44
41 81 79
41 82 18
41 83 18
41 84 81
41 85 5
41 86 40
41 87 6
41 88 77
41 89 6
42 43 23
42 44 79
42 45 100
42 46 52
42 47 6
42 48 86
42 49 15
42 50 86
42 51 21
42 52 30
42 53 45
42 54 91
42 55 61
42 56 83
42 57 19
42 58 90
42 59 48
42 60 51
42 61 3
42 62 6
42 63 78
42 64 53
42 65 17
42 66 50
42 67 26
42 68 75
42 69 26
42 70 60
42 71 58
42 72 81
42 73 65
42 74 70
42 75 54
42 76 36
42 77 60
42 78 55
42 79 52
42 80 47
42 81 59
42 82 65
42 83 85
42 84 48
42 85 48
42 86 46
42 87 31
42 88 57
42 89 50
43 44 36
43 45 100
43 46 42
43 47 83
43 48 39
43 49 88
43 50 0
43 51 21
43 52 37
43 53 74
43 54 5
43 55 74
43 56 34
43 57 5
43 58 72
43 59 70
43 60 79
43 61 71
43 62 8
43 63 15
43 64 85
43 65 13
43 66 60
43 67 63
43 68 69
43 69 19
43 70 34
43 71 16
43 72 93
43 73 62
43 74 59
43 75 95
43 76 57
43 77 88
43 78 27
43 79 56
43 80 96
43 81 53
43 82 32
43 83 17
43 84 43
43 85 96
43 86 64
43 87 30
43 88 45
43 89 96
44 45 82
44 46 34
44 47 86
44 48 55
44 49 51
44 50 16
44 51 94
44 52 33
44 53 27
44 54 24
44 55 54
44 56 44
44 57 19
44 58 58
44 59 79
44 60 30
44 61 54
44 62 70
44 63 27
44 64 81
44 65 6
44 66 4
44 67 63
44 68 10
44 69 38
44 70 31
44 71 59
44 72 46
44 73 78
44 74 99
44 75 18
44 76 6
44 77 25
44 78 18
44 79 79
44 80 79
44 81 99
44 82 15
44 83 0
44 84 90
44 85 80
44 86 33
44 87 80
44 88 52
44 89 34
45 46 93
45 47 96
45 48 91
45 49 36
45 50 90
45 51 98
45 52 31
45 53 6
45 54 28
45 55 47
45 56 95
45 57 66
45 58 9
45 59 67
45 60 87
45 61 96
45 62 28
45 63 97
45 64 71
45 65 41
45 66 28
45 67 95
45 68 96
45 69 24
45 70 61
45 71 12
45 72 32
45 73 7
45 74 56
45 75 14
45 76 84
45 77 80
45 78 28
45 79 51
45 80 79
45 81 35
45 82 22
45 83 83
45 84 40
45 85 14
45 86 50
45 87 70
45 88 12
45 89 45
46 47 98
46 48 44
46 49 96
46 50 61
46 51 78
46 52 43
46 53 60
46 54 92
46 55 39
46 56 54
46 57 45
46 58 92
46 59 25
46 60 46
46 61 99
46 62 33
46 63 21
46 64 97
46 65 36
46 66 54
46 67 88
46 68 75
46 69 20
46 70 96
46 71 11
46 72 56
46 73 25
46 74 86
46 75 19
46 76 6
46 77 62
46 78 35
46 79 44
46 80 54
46 81 51
46 82 5
46 83 19
46 84 75
46 85 89
46 86 75
46 87 46
46 88 55
46 89 18
47 48 15
47 49 42
47 50 23
47 51 99
47 52 84
47 53 13
47 54 59
47 55 84
47 56 72
47 57 65
47 58 98
47 59 47
47 60 86
47 61 99
47 62 87
47 63 79
47 64 47
47 65 1
47 66 37
47 67 83
47 68 9
47 69 43
47 70 11
47 71 74
47 72 91
47 73 36
47 74 54
47 75 90
47 76 39
47 77 62
47 78 28
47 79 74
47 80 73
47 81 16
47 82 11
47 83 56
47 84 90
47 85 71
47 86 13
47 87 80
47 88 3
47 89 16
48 49 28
48 50 42
48 51 97
48 52 35
48 53 94
48 54 77
48 55 52
48 56 33
48 57 84
48 58 32
48 59 88
48 60 48
48 61 18
48 62 74
48 63 96
48 64 90
48 65 42
48 66 45
48 67 27
48 68 28
48 69 17
48 70 77
48 71 73
48 72 37
48 73 29
48 74 88
48 75 28
48 76 90
48 77 39
48 78 20
48 79 31
48 80 50
48 81 27
48 82 49
48 83 75
48 84 44
48 85 48
48 86 84
48 87 52
48 88 84
48 89 19
49 50 64
49 51 70
49 52 77
49 53 34
49 54 92
49 55 75
49 56 27
49 57 98
49 58 69
49 59 72
49 60 87
49 61 23
49 62 5
49 63 16
49 64 82
49 65 42
49 66 63
49 67 39
49 68 34
49 69 90
49 70 91
49 71 90
49 72 3
49 73 48
49 74 74
49 75 63
49 76 29
49 77 41
49 78 39
49 79 73
49 80 49
49 81 54
49 82 90
49 83 18
49 84 16
49 85 33
49 86 1
49 87 2
49 88 50
49 89 19
50 51 42
50 52 71
50 53 2
50 54 89
50 55 17
50 56 23
50 57 3
50 58 8
50 59 15
50 60 82
50 61 6
50 62 12
50 63 15
50 64 41
50 65 72
50 66 88
50 67 100
50 68 77
50 69 12
50 70 13
50 71 74
50 72 49
50 73 13
50 74 97
50 75 45
50 76 98
50 77 100
50 78 64
50 79 84
50 80 16
50 81 87
50 82 5
50 83 20
50 84 94
50 85 79
50 86 92
50 87 5
50 88 3
50 89 12
51 52 62
51 53 5
51 54 95
51 55 22
51 56 58
51 57 7
51 58 89
51 59 28
51 60 27
51 61 21
51 62 99
51 63 64
51 64 49
51 65 57
51 66 4
51 67 8
51 68 63
51 69 11
51 70 37
51 71 99
51 72 24
51 73 36
51 74 74
51 75 100
51 76 40
51 77 95
51 78 59
51 79 19
51 80 95
51 81 32
51 82 70
51 83 1
51 84 52
51 85 30
51 86 86
51 87 15
51 88 11
51 89 83
52 53 10
52 54 74
52 55 34
52 56 94
52 57 75
52 58 62
52 59 19
52 60 50
52 61 37
52 62 49
52 63 75
52 64 50
52 65 34
52 66 52
52 67 25
52 68 21
52 69 3
52 70 48
52 71 83
52 72 63
52 73 33
52 74 60
52 75 4
52 76 95
52 77 40
52 78 27
52 79 66
52 80 14
52 81 58
52 82 11
52 83 59
52 84 78
52 85 25
52 86 10
52 87 72
52 88 58
52 89 89
53 54 44
53 55 8
53 56 56
53 57 40
53 58 69
53 59 95
53 60 75
53 61 100
53 62 31
53 63 22
53 64 73
53 65 21
53 66 80
53 67 96
53 68 22
53 69 33
53 70 98
53 71 58
53 72 54
53 73 76
53 74 51
53 75 95
53 76 70
53 77 33
53 78 39
53 79 14
53 80 93
53 81 5
53 82 89
53 83 57
53 84 99
53 85 82
53 86 42
53 87 88
53 88 9
53 89 79
54 55 12
54 56 87
54 57 18
54 58 36
54 59 4
54 60 2
54 61 43
54 62 81
54 63 74
54 64 37
54 65 22
54 66 38
54 67 97
54 68 79
54 69 21
54 70 1
54 71 64
54 72 9
54 73 11
54 74 76
54 75 92
54 76 66
54 77 34
54 78 79
54 79 22
54 80 35
54 81 99
54 82 60
54 83 70
54 84 4
54 85 7
54 86 72
54 87 53
54 88 7
54 89 18
55 56 25
55 57 52
55 58 17
55 59 27
55 60 98
55 61 9
55 62 21
55 63 28
55 64 79
55 65 20
55 66 83
55 67 45
55 68 5
55 69 16
55 70 62
55 71 25
55 72 98
55 73 90
55 74 91
55 75 19
55 76 42
55 77 31
55 78 95
55 79 79
55 80 5
55 81 64
55 82 3
55 83 86
55 84 28
55 85 62
55 86 22
55 87 18
55 88 39
55 89 9
56 57 74
56 58 98
56 59 26
56 60 60
56 61 25
56 62 88
56 63 23
56 64 9
56 65 46
56 66 49
56 67 85
56 68 69
56 69 97
56 70 73
56 71 53
56 72 27
56 73 48
56 74 48
56 75 64
56 76 34
56 77 45
56 78 61
56 79 6
56 80 66
56 81 1
56 82 57
56 83 30
56 84 20
56 85 50
56 86 69
56 87 27
56 88 38
56 89 32
57 58 24
57 59 8
57 60 31
57 61 3
57 62 77
57 63 4
57 64 90
57 65 98
57 66 95
57 67 77
57 68 91
57 69 19
57 70 56
57 71 0
57 72 30
57 73 100
57 74 79
57 75 57
57 76 94
57 77 31
57 78 62
57 79 78
57 80 34
57 81 34
57 82 45
57 83 3
57 84 20
57 85 18
57 86 1
57 87 93
57 88 26
57 89 87
58 59 73
58 60 27
58 61 0
58 62 100
58 63 62
58 64 14
58 65 82
58 66 12
58 67 32
58 68 60
58 69 57
58 70 52
58 71 22
58 72 88
58 73 95
58 74 72
58 75 5
58 76 43
58 77 12
58 78 52
58 79 51
58 80 77
58 81 11
58 82 13
58 83 93
58 84 63
58 85 76
58 86 0
58 87 60
58 88 11
58 89 46
59 60 86
59 61 57
59 62 63
59 63 12
59 64 22
59 65 36
59 66 76
59 67 17
59 68 24
59 69 78
59 70 24
59 71 99
59 72 73
59 73 90
59 74 73
59 75 29
59 76 44
59 77 75
59 78 48
59 79 34
59 80 72
59 81 15
59 82 43
59 83 93
59 84 14
59 85 68
59 86 30
59 87 28
59 88 59
59 89 59
60 61 60
60 62 10
60 63 12
60 64 100
60 65 54
60 66 16
60 67 86
60 68 20
60 69 26
60 70 93
60 71 22
60 72 86
60 73 29
60 74 17
60 75 70
60 76 63
60 77 7
60 78 40
60 79 20
60 80 30
60 81 62
60 82 42
60 83 86
60 84 92
60 85 67
60 86 25
60 87 84
60 88 5
60 89 22
61 62 55
61 63 14
61 64 75
61 65 98
61 66 10
61 67 53
61 68 2
61 69 34
61 70 23
61 71 70
61 72 22
61 73 20
61 74 18
61 75 56
61 76 43
61 77 26
61 78 47
61 79 34
61 80 33
61 81 3
61 82 25
61 83 90
61 84 13
61 85 0
61 86 38
61 87 86
61 88 82
61 89 70
62 63 75
62 64 95
62 65 82
62 66 85
62 67 27
62 68 11
62 69 1
62 70 67
62 71 35
62 72 96
62 73 68
62 74 92
62 75 76
62 76 41
62 77 5
62 78 97
62 79 7
62 80 35
62 81 15
62 82 25
62 83 9
62 84 8
62 85 17
62 86 39
62 87 42
62 88 19
62 89 99
63 64 38
63 65 40
63 66 81
63 67 62
63 68 44
63 69 42
63 70 30
63 71 91
63 72 1
63 73 55
63 74 50
63 75 40
63 76 19
63 77 67
63 78 39
63 79 55
63 80 32
63 81 57
63 82 54
63 83 66
63 84 74
63 85 67
63 86 51
63 87 82
63 88 18
63 89 90
64 65 54
64 66 31
64 67 8
64 68 94
64 69 62
64 70 2
64 71 64
64 72 32
64 73 52
64 74 0
64 75 5
64 76 100
64 77 59
64 78 8
64 79 63
64 80 35
64 81 72
64 82 48
64 83 9
64 84 15
64 85 41
64 86 3
64 87 49
64 88 28
64 89 35
65 66 47
65 67 29
65 68 46
65 69 4
65 70 34
65 71 49
65 72 96
65 73 86
65 74 25
65 75 23
65 76 23
65 77 51
65 78 3
65 79 73
65 80 15
65 81 40
65 82 40
65 83 45
65 84 28
65 85 53
65 86 29
65 87 46
65 88 18
65 89 0
66 67 75
66 68 77
66 69 93
66 70 93
66 71 60
66 72 7
66 73 51
66 74 21
66 75 33
66 76 30
66 77 94
66 78 11
66 79 87
66 80 39
66 81 97
66 82 28
66 83 8
66 84 0
66 85 22
66 86 51
66 87 9
66 88 25
66 89 94
67 68 8
67 69 54
67 70 16
67 71 63
67 72 85
67 73 20
67 74 88
67 75 20
67 76 85
67 77 4
67 78 64
67 79 3
67 80 25
67 81 7
67 82 75
67 83 56
67 84 23
67 85 60
67 86 26
67 87 38
67 88 1
67 89 45
68 69 39
68 70 44
68 71 10
68 72 6
68 73 58
68 74 46
68 75 4
68 76 97
68 77 45
68 78 57
68 79 20
68 80 47
68 81 71
68 82 21
68 83 30
68 84 57
68 85 13
68 86 69
68 87 20
68 88 59
68 89 92
69 70 45
69 71 51
69 72 10
69 73 100
69 74 75
69 75 38
69 76 30
69 77 51
69 78 66
69 79 11
69 80 92
69 81 87
69 82 12
69 83 96
69 84 3
69 85 85
69 86 80
69 87 41
69 88 94
69 89 9
70 71 62
70 72 93
70 73 59
70 74 19
70 75 23
70 76 26
70 77 45
70 78 73
70 79 57
70 80 23
70 81 64
70 82 25
70 83 44
70 84 97
70 85 48
70 86 5
70 87 69
70 88 25
70 89 38
71 72 40
71 73 73
71 74 40
71 75 7
71 76 67
71 77 48
71 78 98
71 79 1
71 80 9
71 81 82
71 82 85
71 83 54
71 84 21
71 85 81
71 86 77
71 87 99
71 88 21
71 89 12
72 73 21
72 74 15
72 75 59
72 76 99
72 77 9
72 78 27
72 79 32
72 80 35
72 81 36
72 82 7
72 83 60
72 84 37
72 85 7
72 86 55
72 87 53
72 88 25
72 89 41
73 74 99
73 75 1
73 76 36
73 77 34
73 78 20
73 79 48
73 80 25
73 81 88
73 82 70
73 83 100
73 84 65
73 85 36
73 86 95
73 87 29
73 88 24
73 89 39
74 75 46
74 76 69
74 77 10
74 78 58
74 79 78
74 80 57
74 81 90
74 82 49
74 83 52
74 84 71
74 85 63
74 86 31
74 87 55
74 88 55
74 89 14
75 76 96
75 77 37
75 78 81
75 79 21
75 80 79
75 81 9
75 82 0
75 83 43
75 84 94
75 85 19
75 86 47
75 87 33
75 88 7
75 89 12
76 77 9
76 78 47
76 79 88
76 80 36
76 81 39
76 82 61
76 83 16
76 84 39
76 85 58
76 86 30
76 87 4
76 88 81
76 89 38
77 78 72
77 79 38
77 80 49
77 81 63
77 82 39
77 83 27
77 84 54
77 85 36
77 86 7
77 87 26
77 88 16
77 89 27
78 79 5
78 80 56
78 81 58
78 82 12
78 83 54
78 84 18
78 85 80
78 86 33
78 87 69
78 88 36
78 89 65
79 80 71
79 81 84
79 82 2
79 83 14
79 84 10
79 85 68
79 86 34
79 87 59
79 88 54
79 89 29
80 81 54
80 82 80
80 83 0
80 84 60
80 85 6
80 86 46
80 87 68
80 88 2
80 89 41
81 82 57
81 83 58
81 84 65
81 85 23
81 86 51
81 87 76
81 88 65
81 89 88
82 83 10
82 84 69
82 85 93
82 86 13
82 87 9
82 88 16
82 89 77
83 84 1
83 85 89
83 86 77
83 87 9
83 88 66
83 89 82
84 85 11
84 86 55
84 87 66
84 88 1
84 89 75
85 86 71
85 87 11
85 88 12
85 89 75
86 87 56
86 88 55
86 89 9
87 88 64
87 89 88
88 89 96
