90 4005
1 2 23
1 3 26
1 4 73
1 5 85
1 6 40
1 7 66
1 8 81
1 9 73
1 10 57
1 11 13
1 12 91
1 13 76
1 14 6
1 15 48
1 16 68
1 17 19
1 18 76
1 19 21
1 20 80
1 21 38
1 22 47
1 23 38
1 24 92
1 25 61
1 26 17
1 27 1
1 28 82
1 29 14
1 30 29
1 31 49
1 32 61
1 33 89
1 34 44
1 35 85
1 36 100
1 37 66
1 38 72
1 39 87
1 40 72
1 41 78
1 42 73
1 43 37
1 44 50
1 45 94
1 46 88
1 47 10
1 48 76
1 49 77
1 50 94
1 51 33
1 52 23
1 53 72
1 54 22
1 55 11
1 56 53
1 57 13
1 58 2
1 59 2
1 60 42
1 61 62
1 62 93
1 63 14
1 64 76
1 65 11
1 66 50
1 67 61
1 68 97
1 69 4
1 70 21
1 71 72
1 72 34
1 73 77
1 74 95
1 75 45
1 76 7
1 77 1
1 78 36
1 79 82
1 80 86
1 81 89
1 82 72
1 83 49
1 84 50
1 85 68
1 86 97
1 87 66
1 88 3
1 89 48
1 90 83
2 3 30
2 4 10
2 5 36
2 6 36
2 7 73
2 8 28
2 9 29
2 10 31
2 11 59
2 12 93
2 13 46
2 14 21
2 15 38
2 16 21
2 17 44
2 18 51
2 19 2
2 20 95
2 21 62
2 22 19
2 23 84
2 24 6
2 25 29
2 26 87
2 27 53
2 28 46
2 29 32
2 30 4
2 31 16
2 32 64
2 33 23
2 34 97
2 35 18
2 36 33
2 37 99
2 38 35
2 39 33
2 40 56
2 41 10
2 42 39
2 43 44
2 44 48
2 45 80
2 46 43
2 47 94
2 48 91
2 49 45
2 50 1
2 51 16
2 52 63
2 53 38
2 54 70
2 55 81
2 56 27
2 57 53
2 58 89
2 59 44
2 60 37
2 61 13
2 62 42
2 63 29
2 64 88
2 65 71
2 66 57
2 67 86
2 68 79
2 69 46
2 70 78
2 71 92
2 72 75
2 73 69
2 74 85
2 75 0
2 76 47
2 77 17
2 78 93
2 79 7
2 80 46
2 81 69
2 82 70
2 83 23
2 84 90
2 85 81
2 86 37
2 87 43
2 88 35
2 89 36
2 90 99
3 4 65
3 5 8
3 6 66
3 7 30
3 8 2
3 9 39
3 10 14
3 11 22
3 12 69
3 13 56
3 14 70
3 15 32
3 16 52
3 17 30
3 18 81
3 19 48
3 20 53
3 21 65
3 22 53
3 23 81
3 24 73
3 25 25
3 26 71
3 27 70
3 28 70
3 29 21
3 30 19
3 31 5
3 32 66
3 33 49
3 34 25
3 35 40
3 36 2
3 37 16
3 38 82
3 39 64
3 40 66
3 41 38
3 42 41
3 43 31
3 44 56
3 45 96
3 46 74
3 47 82
3 48 99
3 49 94
3 50 2
3 51 59
3 52 87
3 53 83
3 54 22
3 55 61
3 56 70
3 57 50
3 58 95
3 59 62
3 60 96
3 61 67
3 62 95
3 63 5
3 64 75
3 65 34
3 66 37
3 67 38
3 68 42
3 69 39
3 70 78
3 71 90
3 72 55
3 73 37
3 74 26
3 75 24
3 76 59
3 77 38
3 78 97
3 79 20
3 80 24
3 81 85
3 82 60
3 83 45
3 84 46
3 85 37
3 86 16
3 87 39
3 88 2
3 89 36
3 90 98
4 5 17
4 6 3
4 7 24
4 8 53
4 9 53
4 10 31
4 11 60
4 12 72
4 13 50
4 14 33
4 15 68
4 16 11
4 17 36
4 18 4
4 19 41
4 20 95
4 21 68
4 22 81
4 23 46
4 24 32
4 25 77
4 26 61
4 27 19
4 28 75
4 29 59
4 30 44
4 31 56
4 32 66
4 33 22
4 34 90
4 35 7
4 36 79
4 37 57
4 38 57
4 39 13
4 40 44
4 41 36
4 42 72
4 43 69
4 44 34
4 45 45
4 46 55
4 47 73
4 48 22
4 49 49
4 50 3
4 51 45
4 52 93
4 53 97
4 54 42
4 55 23
4 56 91
4 57 71
4 58 85
4 59 62
4 60 47
4 61 53
4 62 40
4 63 64
4 64 95
4 65 100
4 66 73
4 67 38
4 68 20
4 69 8
4 70 58
4 71 45
4 72 61
4 73 60
4 74 48
4 75 70
4 76 28
4 77 17
4 78 97
4 79 80
4 80 42
4 81 9
4 82 34
4 83 67
4 84 78
4 85 26
4 86 30
4 87 40
4 88 57
4 89 13
4 90 65
5 6 25
5 7 77
5 8 82
5 9 69
5 10 20
5 11 39
5 12 44
5 13 95
5 14 89
5 15 59
5 16 3
5 17 97
5 18 92
5 19 63
5 20 53
5 21 38
5 22 65
5 23 98
5 24 43
5 25 70
5 26 78
5 27 49
5 28 17
5 29 75
5 30 68
5 31 57
5 32 30
5 33 7
5 34 81
5 35 12
5 36 82
5 37 74
5 38 17
5 39 0
5 40 65
5 41 57
5 42 2
5 43 81
5 44 10
5 45 84
5 46 22
5 47 1
5 48 65
5 49 84
5 50 53
5 51 72
5 52 100
5 53 43
5 54 32
5 55 3
5 56 10
5 57 33
5 58 23
5 59 33
5 60 96
5 61 61
5 62 38
5 63 41
5 64 31
5 65 9
5 66 89
5 67 35
5 68 20
5 69 69
5 70 83
5 71 39
5 72 1
5 73 42
5 74 87
5 75 100
5 76 19
5 77 87
5 78 86
5 79 52
5 80 15
5 81 71
5 82 48
5 83 93
5 84 60
5 85 91
5 86 54
5 87 72
5 88 80
5 89 100
5 90 35
6 7 89
6 8 49
6 9 57
6 10 29
6 11 94
6 12 67
6 13 89
6 14 53
6 15 18
6 16 92
6 17 42
6 18 50
6 19 25
6 20 29
6 21 49
6 22 96
6 23 5
6 24 64
6 25 97
6 26 80
6 27 58
6 28 7
6 29 35
6 30 81
6 31 50
6 32 21
6 33 49
6 34 45
6 35 5
6 36 13
6 37 93
6 38 9
6 39 77
6 40 12
6 41 11
6 42 99
6 43 44
6 44 50
6 45 48
6 46 80
6 47 96
6 48 89
6 49 100
6 50 19
6 51 43
6 52 26
6 53 89
6 54 85
6 55 9
6 56 14
6 57 23
6 58 25
6 59 34
6 60 19
6 61 1
6 62 24
6 63 57
6 64 55
6 65 27
6 66 89
6 67 81
6 68 44
6 69 53
6 70 3
6 71 49
6 72 25
6 73 72
6 74 41
6 75 79
6 76 36
6 77 97
6 78 48
6 79 3
6 80 36
6 81 28
6 82 88
6 83 80
6 84 71
6 85 84
6 86 12
6 87 92
6 88 38
6 89 28
6 90 1
7 8 67
7 9 20
7 10 5
7 11 60
7 12 53
7 13 94
7 14 11
7 15 53
7 16 66
7 17 0
7 18 93
7 19 80
7 20 81
7 21 54
7 22 26
7 23 5
7 24 27
7 25 10
7 26 0
7 27 17
7 28 46
7 29 55
7 30 53
7 31 49
7 32 1
7 33 79
7 34 33
7 35 18
7 36 95
7 37 48
7 38 73
7 39 23
7 40 87
7 41 41
7 42 76
7 43 55
7 44 12
7 45 52
7 46 45
7 47 2
7 48 15
7 49 12
7 50 95
7 51 30
7 52 67
7 53 65
7 54 3
7 55 52
7 56 20
7 57 100
7 58 25
7 59 91
7 60 57
7 61 5
7 62 81
7 63 12
7 64 6
7 65 76
7 66 14
7 67 70
7 68 96
7 69 2
7 70 15
7 71 84
7 72 2
7 73 24
7 74 76
7 75 63
7 76 94
7 77 44
7 78 85
7 79 86
7 80 5
7 81 80
7 82 18
7 83 25
7 84 68
7 85 39
7 86 73
7 87 42
7 88 38
7 89 47
7 90 99
8 9 64
8 10 73
8 11 41
8 12 99
8 13 17
8 14 73
8 15 9
8 16 10
8 17 43
8 18 65
8 19 39
8 20 61
8 21 25
8 22 87
8 23 73
8 24 37
8 25 59
8 26 68
8 27 55
8 28 75
8 29 67
8 30 50
8 31 39
8 32 53
8 33 73
8 34 2
8 35 43
8 36 17
8 37 54
8 38 43
8 39 5
8 40 36
8 41 4
8 42 78
8 43 86
8 44 36
8 45 24
8 46 67
8 47 57
8 48 64
8 49 32
8 50 17
8 51 29
8 52 54
8 53 5
8 54 74
8 55 43
8 56 19
8 57 3
8 58 32
8 59 98
8 60 57
8 61 87
8 62 7
8 63 100
8 64 2
8 65 89
8 66 95
8 67 77
8 68 55
8 69 72
8 70 39
8 71 16
8 72 86
8 73 40
8 74 19
8 75 63
8 76 70
8 77 86
8 78 63
8 79 21
8 80 79
8 81 45
8 82 72
8 83 61
8 84 82
8 85 74
8 86 56
8 87 77
8 88 39
8 89 62
8 90 10
9 10 85
9 11 42
9 12 23
9 13 34
9 14 72
9 15 73
9 16 88
9 17 10
9 18 0
9 19 67
9 20 100
9 21 48
9 22 9
9 23 85
9 24 58
9 25 96
9 26 27
9 27 75
9 28 70
9 29 83
9 30 35
9 31 76
9 32 68
9 33 26
9 34 59
9 35 32
9 36 19
9 37 9
9 38 69
9 39 37
9 40 27
9 41 32
9 42 61
9 43 38
9 44 43
9 45 35
9 46 92
9 47 42
9 48 100
9 49 63
9 50 97
9 51 59
9 52 0
9 53 82
9 54 49
9 55 70
9 56 39
9 57 96
9 58 65
9 59 6
9 60 73
9 61 60
9 62 93
9 63 82
9 64 38
9 65 11
9 66 70
9 67 56
9 68 17
9 69 15
9 70 48
9 71 34
9 72 32
9 73 99
9 74 52
9 75 34
9 76 65
9 77 71
9 78 29
9 79 77
9 80 75
9 81 74
9 82 57
9 83 13
9 84 94
9 85 90
9 86 46
9 87 69
9 88 62
9 89 2
9 90 98
10 11 97
10 12 97
10 13 12
10 14 47
10 15 0
10 16 0
10 17 22
10 18 33
10 19 18
10 20 24
10 21 43
10 22 63
10 23 40
10 24 86
10 25 63
10 26 67
10 27 30
10 28 43
10 29 67
10 30 68
10 31 0
10 32 75
10 33 38
10 34 83
10 35 82
10 36 13
10 37 50
10 38 8
10 39 1
10 40 46
10 41 6
10 42 70
10 43 20
10 44 20
10 45 29
10 46 5
10 47 37
10 48 81
10 49 39
10 50 83
10 51 88
10 52 90
10 53 10
10 54 48
10 55 6
10 56 16
10 57 51
10 58 41
10 59 4
10 60 96
10 61 93
10 62 75
10 63 32
10 64 0
10 65 60
10 66 42
10 67 85
10 68 61
10 69 10
10 70 33
10 71 11
10 72 70
10 73 16
10 74 80
10 75 9
10 76 26
10 77 63
10 78 41
10 79 58
10 80 70
10 81 14
10 82 20
10 83 57
10 84 44
10 85 58
10 86 4
10 87 94
10 88 30
10 89 96
10 90 14
11 12 20
11 13 21
11 14 36
11 15 91
11 16 67
11 17 3
11 18 78
11 19 20
11 20 80
11 21 8
11 22 29
11 23 61
11 24 51
11 25 44
11 26 39
11 27 61
11 28 95
11 29 69
11 30 71
11 31 45
11 32 72
11 33 81
11 34 18
11 35 11
11 36 75
11 37 25
11 38 89
11 39 64
11 40 38
11 41 45
11 42 50
11 43 67
11 44 94
11 45 7
11 46 4
11 47 6
11 48 5
11 49 38
11 50 82
11 51 45
11 52 35
11 53 27
11 54 56
11 55 59
11 56 56
11 57 64
11 58 23
11 59 15
11 60 82
11 61 31
11 62 17
11 63 38
11 64 28
11 65 50
11 66 94
11 67 84
11 68 52
11 69 50
11 70 34
11 71 100
11 72 34
11 73 49
11 74 51
11 75 5
11 76 33
11 77 39
11 78 75
11 79 30
11 80 73
11 81 97
11 82 72
11 83 72
11 84 81
11 85 8
11 86 55
11 87 5
11 88 8
11 89 44
11 90 30
12 13 79
12 14 82
12 15 42
12 16 81
12 17 98
12 18 54
12 19 18
12 20 79
12 21 66
12 22 84
12 23 87
12 24 15
12 25 69
12 26 88
12 27 92
12 28 56
12 29 97
12 30 72
12 31 85
12 32 92
12 33 43
12 34 61
12 35 93
12 36 85
12 37 16
12 38 6
12 39 23
12 40 82
12 41 53
12 42 16
12 43 85
12 44 88
12 45 2
12 46 4
12 47 94
12 48 19
12 49 30
12 50 50
12 51 83
12 52 64
12 53 50
12 54 53
12 55 16
12 56 81
12 57 60
12 58 77
12 59 33
12 60 70
12 61 4
12 62 34
12 63 27
12 64 53
12 65 21
12 66 3
12 67 12
12 68 16
12 69 83
12 70 29
12 71 81
12 72 55
12 73 78
12 74 4
12 75 88
12 76 67
12 77 22
12 78 6
12 79 40
12 80 70
12 81 98
12 82 65
12 83 69
12 84 93
12 85 36
12 86 54
12 87 47
12 88 72
12 89 47
12 90 31
13 14 81
13 15 33
13 16 3
13 17 78
13 18 79
13 19 0
13 20 76
13 21 3
13 22 78
13 23 81
13 24 37
13 25 2
13 26 31
13 27 12
13 28 74
13 29 50
13 30 39
13 31 63
13 32 2
13 33 95
13 34 69
13 35 26
13 36 93
13 37 20
13 38 80
13 39 92
13 40 90
13 41 49
13 42 100
13 43 82
13 44 98
13 45 22
13 46 2
13 47 72
13 48 0
13 49 27
13 50 51
13 51 29
13 52 33
13 53 82
13 54 82
13 55 29
13 56 55
13 57 20
13 58 1
13 59 44
13 60 74
13 61 71
13 62 52
13 63 97
13 64 58
13 65 38
13 66 35
13 67 22
13 68 77
13 69 54
13 70 18
13 71 68
13 72 36
13 73 76
13 74 47
13 75 72
13 76 22
13 77 92
13 78 28
13 79 38
13 80 4
13 81 30
13 82 15
13 83 100
13 84 64
13 85 15
13 86 76
13 87 7
13 88 13
13 89 58
13 90 70
14 15 46
14 16 96
14 17 84
14 18 62
14 19 33
14 20 10
14 21 25
14 22 51
14 23 16
14 24 75
14 25 4
14 26 34
14 27 77
14 28 34
14 29 32
14 30 36
14 31 80
14 32 94
14 33 45
14 34 13
14 35 14
14 36 17
14 37 10
14 38 52
14 39 68
14 40 59
14 41 39
14 42 26
14 43 15
14 44 23
14 45 77
14 46 48
14 47 62
14 48 28
14 49 4
14 50 78
14 51 21
14 52 3
14 53 48
14 54 10
14 55 72
14 56 52
14 57 50
14 58 81
14 59 51
14 60 18
14 61 52
14 62 21
14 63 96
14 64 32
14 65 33
14 66 80
14 67 30
14 68 28
14 69 65
14 70 93
14 71 19
14 72 22
14 73 42
14 74 58
14 75 11
14 76 3
14 77 61
14 78 24
14 79 4
14 80 23
14 81 66
14 82 57
14 83 98
14 84 83
14 85 7
14 86 34
14 87 76
14 88 11
14 89 76
14 90 23
15 16 2
15 17 60
15 18 17
15 19 0
15 20 96
15 21 54
15 22 9
15 23 93
15 24 52
15 25 11
15 26 79
15 27 42
15 28 35
15 29 3
15 30 87
15 31 57
15 32 93
15 33 20
15 34 2
15 35 16
15 36 51
15 37 62
15 38 1
15 39 37
15 40 41
15 41 85
15 42 29
15 43 16
15 44 56
15 45 95
15 46 24
15 47 29
15 48 80
15 49 20
15 50 91
15 51 6
15 52 69
15 53 90
15 54 76
15 55 57
15 56 7
15 57 12
15 58 84
15 59 6
15 60 28
15 61 60
15 62 65
15 63 39
15 64 68
15 65 95
15 66 80
15 67 56
15 68 59
15 69 41
15 70 6
15 71 51
15 72 32
15 73 17
15 74 61
15 75 71
15 76 74
15 77 93
15 78 2
15 79 10
15 80 54
15 81 57
15 82 34
15 83 96
15 84 46
15 85 71
15 86 42
15 87 35
15 88 84
15 89 52
15 90 8
16 17 95
16 18 17
16 19 17
16 20 86
16 21 36
16 22 63
16 23 71
16 24 38
16 25 44
16 26 57
16 27 24
16 28 29
16 29 51
16 30 48
16 31 79
16 32 83
16 33 56
16 34 55
16 35 40
16 36 32
16 37 81
16 38 88
16 39 76
16 40 70
16 41 90
16 42 82
16 43 0
16 44 8
16 45 40
16 46 67
16 47 93
16 48 98
16 49 23
16 50 40
16 51 23
16 52 20
16 53 93
16 54 71
16 55 81
16 56 99
16 57 71
16 58 94
16 59 57
16 60 44
16 61 54
16 62 39
16 63 97
16 64 94
16 65 74
16 66 97
16 67 63
16 68 53
16 69 46
16 70 33
16 71 33
16 72 59
16 73 85
16 74 20
16 75 48
16 76 82
16 77 96
16 78 99
16 79 73
16 80 8
16 81 21
16 82 92
16 83 100
16 84 76
16 85 21
16 86 55
16 87 53
16 88 61
16 89 56
16 90 0
17 18 27
17 19 36
17 20 44
17 21 82
17 22 78
17 23 81
17 24 90
17 25 1
17 26 22
17 27 66
17 28 22
17 29 98
17 30 81
17 31 83
17 32 64
17 33 94
17 34 15
17 35 76
17 36 16
17 37 74
17 38 26
17 39 25
17 40 56
17 41 19
17 42 53
17 43 68
17 44 6
17 45 98
17 46 86
17 47 50
17 48 53
17 49 40
17 50 25
17 51 91
17 52 70
17 53 42
17 54 53
17 55 72
17 56 95
17 57 4
17 58 82
17 59 77
17 60 7
17 61 38
17 62 44
17 63 1
17 64 67
17 65 52
17 66 95
17 67 71
17 68 85
17 69 78
17 70 18
17 71 61
17 72 56
17 73 84
17 74 88
17 75 96
17 76 100
17 77 13
17 78 22
17 79 26
17 80 3
17 81 57
17 82 9
17 83 38
17 84 100
17 85 27
17 86 52
17 87 87
17 88 82
17 89 6
17 90 79
18 19 13
18 20 78
18 21 98
18 22 31
18 23 19
18 24 46
18 25 68
18 26 86
18 27 27
18 28 33
18 29 83
18 30 11
18 31 92
18 32 24
18 33 45
18 34 25
18 35 52
18 36 75
18 37 79
18 38 42
18 39 50
18 40 78
18 41 92
18 42 75
18 43 55
18 44 66
18 45 42
18 46 7
18 47 65
18 48 68
18 49 4
18 50 15
18 51 88
18 52 66
18 53 89
18 54 90
18 55 45
18 56 51
18 57 2
18 58 4
18 59 87
18 60 38
18 61 5
18 62 88
18 63 3
18 64 28
18 65 34
18 66 0
18 67 44
18 68 11
18 69 16
18 70 65
18 71 62
18 72 22
18 73 41
18 74 62
18 75 57
18 76 79
18 77 92
18 78 60
18 79 40
18 80 73
18 81 35
18 82 86
18 83 1
18 84 40
18 85 97
18 86 15
18 87 70
18 88 20
18 89 24
18 90 2
19 20 40
19 21 60
19 22 8
19 23 2
19 24 41
19 25 10
19 26 12
19 27 93
19 28 88
19 29 49
19 30 38
19 31 89
19 32 96
19 33 18
19 34 72
19 35 58
19 36 99
19 37 84
19 38 35
19 39 2
19 40 77
19 41 34
19 42 78
19 43 16
19 44 49
19 45 63
19 46 41
19 47 41
19 48 40
19 49 81
19 50 43
19 51 62
19 52 27
19 53 22
19 54 83
19 55 18
19 56 87
19 57 43
19 58 31
19 59 91
19 60 6
19 61 82
19 62 35
19 63 47
19 64 11
19 65 86
19 66 31
19 67 87
19 68 79
19 69 91
19 70 43
19 71 79
19 72 76
19 73 77
19 74 34
19 75 69
19 76 96
19 77 54
19 78 66
19 79 5
19 80 2
19 81 50
19 82 72
19 83 51
19 84 0
19 85 6
19 86 73
19 87 78
19 88 80
19 89 13
19 90 17
20 21 96
20 22 15
20 23 6
20 24 36
20 25 84
20 26 28
20 27 32
20 28 69
20 29 32
20 30 30
20 31 14
20 32 81
20 33 78
20 34 52
20 35 76
20 36 49
20 37 15
20 38 15
20 39 10
20 40 2
20 41 16
20 42 48
20 43 21
20 44 84
20 45 59
20 46 99
20 47 45
20 48 57
20 49 80
20 50 55
20 51 83
20 52 16
20 53 30
20 54 43
20 55 99
20 56 73
20 57 27
20 58 70
20 59 93
20 60 3
20 61 16
20 62 97
20 63 80
20 64 61
20 65 86
20 66 29
20 67 75
20 68 8
20 69 38
20 70 95
20 71 77
20 72 17
20 73 60
20 74 79
20 75 64
20 76 12
20 77 53
20 78 82
20 79 68
20 80 64
20 81 71
20 82 1
20 83 57
20 84 85
20 85 89
20 86 18
20 87 53
20 88 43
20 89 76
20 90 37
21 22 27
21 23 79
21 24 22
21 25 65
21 26 3
21 27 43
21 28 85
21 29 10
21 30 96
21 31 60
21 32 60
21 33 66
21 34 59
21 35 46
21 36 89
21 37 2
21 38 86
21 39 66
21 40 5
21 41 12
21 42 40
21 43 32
21 44 24
21 45 46
21 46 59
21 47 27
21 48 32
21 49 2
21 50 88
21 51 49
21 52 82
21 53 12
21 54 29
21 55 61
21 56 74
21 57 1
21 58 97
21 59 16
21 60 83
21 61 83
21 62 100
21 63 62
21 64 21
21 65 80
21 66 88
21 67 9
21 68 9
21 69 38
21 70 33
21 71 52
21 72 65
21 73 23
21 74 95
21 75 71
21 76 0
21 77 18
21 78 38
21 79 44
21 80 94
21 81 92
21 82 9
21 83 80
21 84 35
21 85 46
21 86 65
21 87 89
21 88 65
21 89 70
21 90 64
22 23 40
22 24 2
22 25 50
22 26 4
22 27 89
22 28 96
22 29 20
22 30 93
22 31 67
22 32 11
22 33 26
22 34 34
22 35 57
22 36 34
22 37 52
22 38 63
22 39 62
22 40 89
22 41 46
22 42 84
22 43 31
22 44 72
22 45 49
22 46 60
22 47 50
22 48 49
22 49 82
22 50 54
22 51 94
22 52 11
22 53 98
22 54 47
22 55 39
22 56 44
22 57 50
22 58 58
22 59 97
22 60 82
22 61 24
22 62 12
22 63 35
22 64 53
22 65 98
22 66 19
22 67 21
22 68 58
22 69 67
22 70 100
22 71 79
22 72 5
22 73 40
22 74 40
22 75 75
22 76 23
22 77 43
22 78 89
22 79 11
22 80 77
22 81 87
22 82 91
22 83 47
22 84 13
22 85 70
22 86 66
22 87 22
22 88 94
22 89 57
22 90 91
23 24 19
23 25 0
23 26 82
23 27 100
23 28 58
23 29 94
23 30 47
23 31 76
23 32 28
23 33 33
23 34 70
23 35 45
23 36 42
23 37 50
23 38 31
23 39 48
23 40 16
23 41 59
23 42 63
23 43 99
23 44 54
23 45 40
23 46 63
23 47 90
23 48 81
23 49 1
23 50 86
23 51 66
23 52 69
23 53 65
23 54 87
23 55 15
23 56 82
23 57 1
23 58 19
23 59 72
23 60 58
23 61 64
23 62 3
23 63 87
23 64 40
23 65 7
23 66 10
23 67 33
23 68 72
23 69 71
23 70 55
23 71 33
23 72 95
23 73 94
23 74 44
23 75 4
23 76 85
23 77 66
23 78 70
23 79 88
23 80 66
23 81 96
23 82 54
23 83 41
23 84 26
23 85 7
23 86 85
23 87 76
23 88 42
23 89 61
23 90 91
24 25 99
24 26 35
24 27 11
24 28 66
24 29 38
24 30 87
24 31 56
24 32 6
24 33 66
24 34 15
24 35 9
24 36 13
24 37 75
24 38 32
24 39 46
24 40 93
24 41 0
24 42 88
24 43 64
24 44 94
24 45 92
24 46 26
24 47 70
24 48 34
24 49 4
24 50 57
24 51 70
24 52 14
24 53 54
24 54 15
24 55 22
24 56 21
24 57 87
24 58 64
24 59 7
24 60 15
24 61 50
24 62 4
24 63 90
24 64 61
24 65 19
24 66 26
24 67 82
24 68 72
24 69 89
24 70 35
24 71 39
24 72 27
24 73 29
24 74 90
24 75 72
24 76 8
24 77 65
24 78 29
24 79 50
24 80 16
24 81 36
24 82 31
24 83 33
24 84 59
24 85 35
24 86 6
24 87 15
24 88 63
24 89 75
24 90 60
25 26 61
25 27 87
25 28 67
25 29 16
25 30 5
25 31 83
25 32 64
25 33 58
25 34 76
25 35 52
25 36 14
25 37 14
25 38 16
25 39 57
25 40 20
25 41 76
25 42 91
25 43 73
25 44 9
25 45 80
25 46 22
25 47 55
25 48 0
25 49 30
25 50 98
25 51 53
25 52 90
25 53 21
25 54 15
25 55 93
25 56 41
25 57 59
25 58 34
25 59 10
25 60 16
25 61 96
25 62 37
25 63 77
25 64 50
25 65 30
25 66 51
25 67 68
25 68 14
25 69 22
25 70 75
25 71 16
25 72 33
25 73 5
25 74 97
25 75 38
25 76 70
25 77 41
25 78 55
25 79 28
25 80 34
25 81 66
25 82 44
25 83 64
25 84 36
25 85 42
25 86 86
25 87 54
25 88 20
25 89 97
25 90 12
26 27 94
26 28 32
26 29 5
26 30 86
26 31 15
26 32 34
26 33 37
26 34 49
26 35 39
26 36 38
26 37 69
26 38 69
26 39 56
26 40 17
26 41 59
26 42 46
26 43 14
26 44 56
26 45 19
26 46 22
26 47 45
26 48 30
26 49 86
26 50 8
26 51 75
26 52 77
26 53 9
26 54 29
26 55 90
26 56 63
26 57 60
26 58 31
26 59 95
26 60 17
26 61 85
26 62 61
26 63 29
26 64 68
26 65 56
26 66 10
26 67 84
26 68 53
26 69 98
26 70 47
26 71 69
26 72 12
26 73 30
26 74 68
26 75 5
26 76 34
26 77 8
26 78 27
26 79 79
26 80 99
26 81 7
26 82 29
26 83 26
26 84 29
26 85 10
26 86 28
26 87 78
26 88 38
26 89 58
26 90 30
27 28 90
27 29 18
27 30 29
27 31 98
27 32 67
27 33 96
27 34 40
27 35 67
27 36 11
27 37 10
27 38 99
27 39 37
27 40 2
27 41 98
27 42 22
27 43 25
27 44 10
27 45 67
27 46 5
27 47 61
27 48 0
27 49 25
27 50 22
27 51 61
27 52 93
27 53 88
27 54 100
27 55 51
27 56 95
27 57 28
27 58 69
27 59 28
27 60 87
27 61 22
27 62 5
27 63 54
27 64 63
27 65 45
27 66 58
27 67 79
27 68 41
27 69 33
27 70 74
27 71 14
27 72 56
27 73 66
27 74 95
27 75 19
27 76 99
27 77 21
27 78 76
27 79 97
27 80 41
27 81 4
27 82 23
27 83 15
27 84 35
27 85 57
27 86 97
27 87 27
27 88 53
27 89 35
27 90 90
28 29 4
28 30 47
28 31 92
28 32 55
28 33 50
28 34 94
28 35 70
28 36 7
28 37 4
28 38 78
28 39 2
28 40 11
28 41 48
28 42 43
28 43 30
28 44 26
28 45 10
28 46 88
28 47 18
28 48 6
28 49 23
28 50 86
28 51 40
28 52 85
28 53 85
28 54 97
28 55 49
28 56 66
28 57 55
28 58 97
28 59 58
28 60 27
28 61 77
28 62 19
28 63 67
28 64 45
28 65 30
28 66 12
28 67 95
28 68 51
28 69 80
28 70 56
28 71 87
28 72 74
28 73 49
28 74 79
28 75 100
28 76 43
28 77 55
28 78 49
28 79 23
28 80 62
28 81 73
28 82 43
28 83 11
28 84 19
28 85 86
28 86 15
28 87 44
28 88 23
28 89 7
28 90 99
29 30 13
29 31 48
29 32 32
29 33 77
29 34 78
29 35 62
29 36 48
29 37 82
29 38 97
29 39 8
29 40 85
29 41 85
29 42 28
29 43 57
29 44 70
29 45 30
29 46 73
29 47 88
29 48 38
29 49 73
29 50 92
29 51 1
29 52 93
29 53 72
29 54 10
29 55 54
29 56 65
29 57 6
29 58 86
29 59 7
29 60 63
29 61 21
29 62 53
29 63 84
29 64 82
29 65 36
29 66 92
29 67 94
29 68 10
29 69 18
29 70 60
29 71 7
29 72 3
29 73 51
29 74 92
29 75 80
29 76 9
29 77 15
29 78 1
29 79 47
29 80 82
29 81 85
29 82 30
29 83 33
29 84 49
29 85 75
29 86 100
29 87 74
29 88 45
29 89 78
29 90 25
30 31 12
30 32 1
30 33 1
30 34 21
30 35 66
30 36 71
30 37 92
30 38 77
30 39 2
30 40 33
30 41 21
30 42 40
30 43 76
30 44 41
30 45 48
30 46 52
30 47 75
30 48 2
30 49 57
30 50 23
30 51 87
30 52 44
30 53 86
30 54 28
30 55 49
30 56 26
30 57 67
30 58 20
30 59 41
30 60 86
30 61 9
30 62 83
30 63 44
30 64 89
30 65 67
30 66 35
30 67 85
30 68 42
30 69 26
30 70 95
30 71 100
30 72 15
30 73 60
30 74 38
30 75 71
30 76 26
30 77 27
30 78 62
30 79 51
30 80 99
30 81 30
30 82 3
30 83 18
30 84 18
30 85 3
30 86 12
30 87 63
30 88 36
30 89 97
30 90 87
31 32 7
31 33 53
31 34 54
31 35 6
31 36 93
31 37 7
31 38 19
31 39 46
31 40 62
31 41 76
31 42 8
31 43 96
31 44 42
31 45 96
31 46 74
31 47 89
31 48 3
31 49 8
31 50 22
31 51 38
31 52 89
31 53 29
31 54 92
31 55 16
31 56 53
31 57 63
31 58 46
31 59 34
31 60 61
31 61 48
31 62 97
31 63 62
31 64 9
31 65 60
31 66 100
31 67 39
31 68 17
31 69 69
31 70 58
31 71 76
31 72 39
31 73 71
31 74 96
31 75 56
31 76 38
31 77 56
31 78 79
31 79 93
31 80 39
31 81 7
31 82 40
31 83 0
31 84 90
31 85 62
31 86 36
31 87 44
31 88 38
31 89 22
31 90 67
32 33 86
32 34 75
32 35 81
32 36 100
32 37 57
32 38 65
32 39 45
32 40 15
32 41 61
32 42 24
32 43 5
32 44 15
32 45 31
32 46 93
32 47 40
32 48 90
32 49 45
32 50 52
32 51 42
32 52 86
32 53 84
32 54 30
32 55 70
32 56 1
32 57 99
32 58 16
32 59 83
32 60 31
32 61 9
32 62 14
32 63 10
32 64 36
32 65 17
32 66 31
32 67 94
32 68 95
32 69 34
32 70 36
32 71 52
32 72 95
32 73 100
32 74 38
32 75 80
32 76 13
32 77 57
32 78 68
32 79 30
32 80 100
32 81 98
32 82 54
32 83 86
32 84 74
32 85 10
32 86 49
32 87 33
32 88 94
32 89 3
32 90 88
33 34 23
33 35 89
33 36 7
33 37 30
33 38 25
33 39 74
33 40 86
33 41 91
33 42 8
33 43 15
33 44 73
33 45 87
33 46 65
33 47 39
33 48 14
33 49 53
33 50 18
33 51 96
33 52 78
33 53 38
33 54 64
33 55 50
33 56 14
33 57 34
33 58 47
33 59 0
33 60 46
33 61 59
33 62 43
33 63 21
33 64 82
33 65 4
33 66 11
33 67 23
33 68 47
33 69 18
33 70 89
33 71 78
33 72 2
33 73 28
33 74 44
33 75 51
33 76 34
33 77 73
33 78 8
33 79 87
33 80 88
33 81 41
33 82 99
33 83 89
33 84 25
33 85 82
33 86 10
33 87 60
33 88 73
33 89 11
33 90 18
34 35 25
34 36 4
34 37 89
34 38 19
34 39 17
34 40 62
34 41 100
34 42 93
34 43 93
34 44 86
34 45 36
34 46 56
34 47 95
34 48 25
34 49 68
34 50 71
34 51 98
34 52 85
34 53 41
34 54 73
34 55 36
34 56 45
34 57 95
34 58 15
34 59 44
34 60 36
34 61 47
34 62 50
34 63 57
34 64 17
34 65 21
34 66 82
34 67 46
34 68 18
34 69 60
34 70 42
34 71 37
34 72 83
34 73 81
34 74 72
34 75 58
34 76 66
34 77 51
34 78 42
34 79 49
34 80 55
34 81 80
34 82 34
34 83 59
34 84 5
34 85 78
34 86 92
34 87 71
34 88 98
34 89 61
34 90 89
35 36 71
35 37 74
35 38 61
35 39 85
35 40 61
35 41 32
35 42 16
35 43 51
35 44 80
35 45 75
35 46 49
35 47 48
35 48 69
35 49 72
35 50 94
35 51 28
35 52 55
35 53 29
35 54 91
35 55 47
35 56 20
35 57 19
35 58 83
35 59 47
35 60 12
35 61 60
35 62 83
35 63 41
35 64 43
35 65 71
35 66 64
35 67 57
35 68 95
35 69 47
35 70 28
35 71 65
35 72 54
35 73 41
35 74 47
35 75 31
35 76 53
35 77 41
35 78 15
35 79 54
35 80 87
35 81 95
35 82 57
35 83 17
35 84 69
35 85 57
35 86 8
35 87 24
35 88 86
35 89 82
35 90 58
36 37 91
36 38 38
36 39 74
36 40 86
36 41 76
36 42 60
36 43 53
36 44 30
36 45 17
36 46 40
36 47 57
36 48 99
36 49 54
36 50 5
36 51 30
36 52 31
36 53 7
36 54 36
36 55 36
36 56 10
36 57 64
36 58 16
36 59 19
36 60 62
36 61 42
36 62 22
36 63 79
36 64 42
36 65 96
36 66 10
36 67 68
36 68 71
36 69 52
36 70 71
36 71 70
36 72 25
36 73 40
36 74 61
36 75 27
36 76 47
36 77 49
36 78 73
36 79 51
36 80 28
36 81 46
36 82 89
36 83 81
36 84 17
36 85 89
36 86 11
36 87 85
36 88 30
36 89 66
36 90 78
37 38 42
37 39 75
37 40 79
37 41 99
37 42 87
37 43 49
37 44 63
37 45 91
37 46 28
37 47 62
37 48 72
37 49 76
37 50 18
37 51 10
37 52 77
37 53 90
37 54 40
37 55 1
37 56 32
37 57 35
37 58 93
37 59 41
37 60 90
37 61 70
37 62 50
37 63 63
37 64 30
37 65 20
37 66 5
37 67 100
37 68 36
37 69 33
37 70 81
37 71 36
37 72 90
37 73 22
37 74 73
37 75 20
37 76 55
37 77 4
37 78 41
37 79 79
37 80 97
37 81 80
37 82 98
37 83 5
37 84 45
37 85 71
37 86 88
37 87 77
37 88 82
37 89 83
37 90 71
38 39 54
38 40 88
38 41 49
38 42 47
38 43 74
38 44 42
38 45 12
38 46 85
38 47 95
38 48 9
38 49 79
38 50 2
38 51 32
38 52 33
38 53 100
38 54 59
38 55 2
38 56 57
38 57 56
38 58 48
38 59 65
38 60 86
38 61 54
38 62 8
38 63 31
38 64 31
38 65 14
38 66 4
38 67 39
38 68 22
38 69 48
38 70 58
38 71 49
38 72 21
38 73 94
38 74 59
38 75 5
38 76 41
38 77 31
38 78 28
38 79 36
38 80 24
38 81 0
38 82 62
38 83 30
38 84 75
38 85 83
38 86 76
38 87 55
38 88 99
38 89 60
38 90 33
39 40 61
39 41 97
39 42 29
39 43 15
39 44 63
39 45 28
39 46 20
39 47 54
39 48 35
39 49 40
39 50 48
39 51 4
39 52 78
39 53 4
39 54 76
39 55 89
39 56 39
39 57 97
39 58 69
39 59 0
39 60 81
39 61 45
39 62 2
39 63 15
39 64 39
39 65 1
39 66 1
39 67 89
39 68 46
39 69 55
39 70 78
39 71 29
39 72 47
39 73 18
39 74 90
39 75 74
39 76 69
39 77 1
39 78 74
39 79 41
39 80 54
39 81 44
39 82 23
39 83 77
39 84 33
39 85 35
39 86 26
39 87 49
39 88 100
39 89 7
39 90 19
40 41 97
40 42 10
40 43 7
40 44 79
40 45 57
40 46 55
40 47 7
40 48 37
40 49 22
40 50 44
40 51 19
40 52 41
40 53 26
40 54 9
40 55 95
40 56 58
40 57 56
40 58 34
40 59 33
40 60 54
40 61 22
40 62 24
40 63 87
40 64 29
40 65 85
40 66 96
40 67 57
40 68 30
40 69 73
40 70 79
40 71 8
40 72 92
40 73 63
40 74 57
40 75 4
40 76 93
40 77 31
40 78 86
40 79 67
40 80 54
40 81 43
40 82 44
40 83 84
40 84 40
40 85 0
40 86 62
40 87 40
40 88 98
40 89 7
40 90 76
41 42 52
41 43 33
41 44 37
41 45 25
41 46 39
41 47 63
41 48 25
41 49 55
41 50 19
41 51 11
41 52 29
41 53 63
41 54 99
41 55 43
41 56 1
41 57 95
41 58 72
41 59 87
41 60 85
41 61 61
41 62 12
41 63 44
41 64 81
41 65 42
41 66 26
41 67 62
41 68 97
41 69 59
41 70 19
41 71 19
41 72 38
41 73 2
41 74 45
41 75 85
41 76 8
41 77 7
41 78 29
41 79 76
41 80 31
41 81 67
41 82 48
41 83 12
41 84 6
41 85 53
41 86 76
41 87 74
41 88 65
41 89 43
41 90 1
42 43 69
42 44 39
42 45 87
42 46 79
42 47 26
42 48 75
42 49 73
42 50 9
42 51 5
42 52 84
42 53 58
42 54 99
42 55 56
42 56 66
42 57 72
42 58 32
42 59 47
42 60 51
42 61 66
42 62 44
42 63 33
42 64 61
42 65 48
42 66 46
42 67 92
42 68 41
42 69 95
42 70 66
42 71 26
42 72 12
42 73 2
42 74 39
42 75 72
42 76 100
42 77 84
42 78 74
42 79 49
42 80 1
42 81 29
42 82 52
42 83 19
42 84 46
42 85 47
42 86 12
42 87 24
42 88 62
42 89 27
42 90 41
43 44 99
43 45 87
43 46 9
43 47 54
43 48 12
43 49 7
43 50 13
43 51 36
43 52 73
43 53 15
43 54 47
43 55 17
43 56 20
43 57 9
43 58 19
43 59 61
43 60 88
43 61 82
43 62 47
43 63 9
43 64 88
43 65 30
43 66 76
43 67 5
43 68 19
43 69 51
43 70 96
43 71 22
43 72 69
43 73 98
43 74 35
43 75 18
43 76 76
43 77 69
43 78 80
43 79 26
43 80 63
43 81 91
43 82 34
43 83 93
43 84 15
43 85 54
43 86 41
43 87 66
43 88 43
43 89 41
43 90 22
44 45 58
44 46 78
44 47 51
44 48 31
44 49 57
44 50 20
44 51 54
44 52 2
44 53 0
44 54 99
44 55 77
44 56 59
44 57 69
44 58 57
44 59 25
44 60 57
44 61 93
44 62 92
44 63 57
44 64 99
44 65 70
44 66 98
44 67 2
44 68 9
44 69 95
44 70 69
44 71 93
44 72 31
44 73 70
44 74 14
44 75 69
44 76 84
44 77 60
44 78 81
44 79 70
44 80 91
44 81 7
44 82 91
44 83 70
44 84 61
44 85 68
44 86 68
44 87 63
44 88 73
44 89 71
44 90 43
45 46 97
45 47 80
45 48 94
45 49 65
45 50 63
45 51 88
45 52 76
45 53 2
45 54 36
45 55 90
45 56 98
45 57 87
45 58 95
45 59 83
45 60 5
45 61 42
45 62 75
45 63 4
45 64 39
45 65 36
45 66 8
45 67 5
45 68 95
45 69 57
45 70 50
45 71 84
45 72 81
45 73 93
45 74 0
45 75 68
45 76 35
45 77 70
45 78 56
45 79 50
45 80 56
45 81 5
45 82 31
45 83 74
45 84 76
45 85 41
45 86 44
45 87 27
45 88 77
45 89 17
45 90 68
46 47 14
46 48 7
46 49 55
46 50 47
46 51 73
46 52 88
46 53 26
46 54 78
46 55 36
46 56 91
46 57 28
46 58 0
46 59 86
46 60 41
46 61 34
46 62 47
46 63 31
46 64 1
46 65 32
46 66 32
46 67 24
46 68 83
46 69 24
46 70 44
46 71 52
46 72 82
46 73 1
46 74 46
46 75 18
46 76 7
46 77 19
46 78 28
46 79 85
46 80 55
46 81 9
46 82 75
46 83 60
46 84 4
46 85 43
46 86 41
46 87 20
46 88 43
46 89 94
46 90 39
47 48 9
47 49 4
47 50 33
47 51 54
47 52 94
47 53 57
47 54 24
47 55 84
47 56 86
47 57 47
47 58 23
47 59 68
47 60 60
47 61 44
47 62 35
47 63 87
47 64 9
47 65 81
47 66 3
47 67 11
47 68 62
47 69 47
47 70 28
47 71 70
47 72 68
47 73 28
47 74 39
47 75 39
47 76 86
47 77 30
47 78 7
47 79 65
47 80 12
47 81 78
47 82 71
47 83 63
47 84 93
47 85 37
47 86 82
47 87 97
47 88 89
47 89 4
47 90 71
48 49 27
48 50 60
48 51 16
48 52 73
48 53 21
48 54 7
48 55 13
48 56 98
48 57 96
48 58 31
48 59 63
48 60 77
48 61 68
48 62 87
48 63 70
48 64 40
48 65 76
48 66 79
48 67 91
48 68 41
48 69 79
48 70 70
48 71 89
48 72 96
48 73 19
48 74 54
48 75 0
48 76 17
48 77 84
48 78 69
48 79 93
48 80 98
48 81 66
48 82 90
48 83 93
48 84 42
48 85 82
48 86 100
48 87 64
48 88 47
48 89 11
48 90 64
49 50 99
49 51 74
49 52 70
49 53 37
49 54 61
49 55 72
49 56 60
49 57 73
49 58 93
49 59 38
49 60 85
49 61 36
49 62 71
49 63 40
49 64 15
49 65 71
49 66 33
49 67 85
49 68 10
49 69 34
49 70 76
49 71 75
49 72 71
49 73 70
49 74 29
49 75 46
49 76 71
49 77 96
49 78 28
49 79 73
49 80 33
49 81 93
49 82 88
49 83 100
49 84 7
49 85 19
49 86 63
49 87 44
49 88 26
49 89 31
49 90 26
50 51 75
50 52 99
50 53 82
50 54 63
50 55 44
50 56 10
50 57 34
50 58 86
50 59 98
50 60 28
50 61 100
50 62 70
50 63 100
50 64 56
50 65 70
50 66 67
50 67 84
50 68 10
50 69 43
50 70 99
50 71 94
50 72 55
50 73 96
50 74 80
50 75 4
50 76 75
50 77 11
50 78 67
50 79 23
50 80 69
50 81 71
50 82 70
50 83 12
50 84 69
50 85 2
50 86 54
50 87 94
50 88 28
50 89 34
50 90 29
51 52 91
51 53 26
51 54 69
51 55 93
51 56 45
51 57 27
51 58 95
51 59 36
51 60 35
51 61 64
51 62 80
51 63 76
51 64 27
51 65 77
51 66 31
51 67 1
51 68 8
51 69 84
51 70 49
51 71 76
51 72 41
51 73 93
51 74 40
51 75 97
51 76 40
51 77 33
51 78 98
51 79 77
51 80 34
51 81 24
51 82 29
51 83 81
51 84 19
51 85 76
51 86 39
51 87 81
51 88 70
51 89 80
51 90 8
52 53 62
52 54 61
52 55 1
52 56 56
52 57 1
52 58 30
52 59 39
52 60 11
52 61 7
52 62 65
52 63 63
52 64 18
52 65 11
52 66 20
52 67 51
52 68 28
52 69 5
52 70 22
52 71 45
52 72 76
52 73 2
52 74 67
52 75 45
52 76 77
52 77 98
52 78 39
52 79 87
52 80 6
52 81 57
52 82 30
52 83 12
52 84 84
52 85 71
52 86 34
52 87 84
52 88 100
52 89 99
52 90 3
53 54 11
53 55 79
53 56 78
53 57 8
53 58 8
53 59 0
53 60 80
53 61 45
53 62 87
53 63 75
53 64 13
53 65 73
53 66 15
53 67 29
53 68 98
53 69 0
53 70 12
53 71 14
53 72 25
53 73 99
53 74 20
53 75 10
53 76 84
53 77 44
53 78 77
53 79 19
53 80 34
53 81 74
53 82 19
53 83 28
53 84 79
53 85 11
53 86 92
53 87 85
53 88 28
53 89 38
53 90 54
54 55 80
54 56 48
54 57 87
54 58 11
54 59 76
54 60 88
54 61 94
54 62 67
54 63 62
54 64 15
54 65 36
54 66 73
54 67 65
54 68 14
54 69 30
54 70 31
54 71 70
54 72 97
54 73 43
54 74 83
54 75 40
54 76 78
54 77 87
54 78 89
54 79 82
54 80 30
54 81 94
54 82 43
54 83 72
54 84 6
54 85 50
54 86 97
54 87 54
54 88 20
54 89 52
54 90 79
55 56 64
55 57 2
55 58 23
55 59 15
55 60 59
55 61 36
55 62 92
55 63 52
55 64 51
55 65 3
55 66 66
55 67 8
55 68 84
55 69 4
55 70 33
55 71 55
55 72 83
55 73 20
55 74 97
55 75 46
55 76 39
55 77 98
55 78 18
55 79 13
55 80 42
55 81 88
55 82 59
55 83 69
55 84 52
55 85 8
55 86 12
55 87 10
55 88 44
55 89 100
55 90 22
56 57 12
56 58 10
56 59 6
56 60 5
56 61 15
56 62 51
56 63 0
56 64 36
56 65 73
56 66 55
56 67 72
56 68 58
56 69 56
56 70 13
56 71 85
56 72 99
56 73 98
56 74 81
56 75 80
56 76 16
56 77 40
56 78 71
56 79 27
56 80 44
56 81 18
56 82 20
56 83 59
56 84 80
56 85 13
56 86 7
56 87 5
56 88 78
56 89 61
56 90 29
57 58 15
57 59 19
57 60 29
57 61 8
57 62 78
57 63 17
57 64 23
57 65 45
57 66 14
57 67 47
57 68 82
57 69 65
57 70 42
57 71 32
57 72 17
57 73 61
57 74 62
57 75 61
57 76 73
57 77 0
57 78 62
57 79 54
57 80 10
57 81 100
57 82 24
57 83 38
57 84 10
57 85 79
57 86 21
57 87 90
57 88 79
57 89 85
57 90 30
58 59 31
58 60 48
58 61 50
58 62 14
58 63 90
58 64 42
58 65 70
58 66 31
58 67 17
58 68 85
58 69 16
58 70 3
58 71 83
58 72 92
58 73 17
58 74 92
58 75 23
58 76 97
58 77 13
58 78 98
58 79 59
58 80 46
58 81 37
58 82 27
58 83 54
58 84 95
58 85 27
58 86 61
58 87 88
58 88 15
58 89 20
58 90 64
59 60 47
59 61 30
59 62 93
59 63 27
59 64 58
59 65 74
59 66 64
59 67 12
59 68 46
59 69 76
59 70 96
59 71 77
59 72 76
59 73 59
59 74 93
59 75 42
59 76 87
59 77 58
59 78 74
59 79 7
59 80 42
59 81 5
59 82 100
59 83 66
59 84 70
59 85 29
59 86 47
59 87 60
59 88 69
59 89 68
59 90 91
60 61 50
60 62 69
60 63 28
60 64 42
60 65 88
60 66 78
60 67 0
60 68 45
60 69 5
60 70 13
60 71 61
60 72 68
60 73 48
60 74 72
60 75 49
60 76 56
60 77 57
60 78 45
60 79 51
60 80 61
60 81 25
60 82 66
60 83 50
60 84 87
60 85 67
60 86 54
60 87 82
60 88 25
60 89 72
60 90 63
61 62 67
61 63 11
61 64 8
61 65 67
61 66 41
61 67 13
61 68 72
61 69 15
61 70 6
61 71 3
61 72 81
61 73 51
61 74 50
61 75 30
61 76 100
61 77 81
61 78 0
61 79 39
61 80 67
61 81 92
61 82 34
61 83 55
61 84 92
61 85 66
61 86 23
61 87 2
61 88 3
61 89 14
61 90 68
62 63 8
62 64 59
62 65 54
62 66 15
62 67 76
62 68 17
62 69 18
62 70 100
62 71 70
62 72 90
62 73 26
62 74 15
62 75 15
62 76 88
62 77 90
62 78 14
62 79 24
62 80 38
62 81 84
62 82 46
62 83 95
62 84 54
62 85 45
62 86 8
62 87 25
62 88 19
62 89 95
62 90 23
63 64 33
63 65 2
63 66 95
63 67 63
63 68 74
63 69 67
63 70 21
63 71 39
63 72 1
63 73 75
63 74 3
63 75 87
63 76 64
63 77 93
63 78 22
63 79 39
63 80 71
63 81 63
63 82 15
63 83 23
63 84 21
63 85 66
63 86 86
63 87 96
63 88 77
63 89 86
63 90 62
64 65 43
64 66 98
64 67 40
64 68 2
64 69 86
64 70 51
64 71 9
64 72 26
64 73 9
64 74 22
64 75 59
64 76 44
64 77 51
64 78 41
64 79 93
64 80 45
64 81 93
64 82 48
64 83 82
64 84 12
64 85 11
64 86 58
64 87 82
64 88 41
64 89 7
64 90 15
65 66 55
65 67 15
65 68 5
65 69 72
65 70 20
65 71 41
65 72 27
65 73 7
65 74 82
65 75 70
65 76 38
65 77 15
65 78 97
65 79 52
65 80 30
65 81 3
65 82 1
65 83 1
65 84 22
65 85 98
65 86 62
65 87 35
65 88 26
65 89 5
65 90 97
66 67 27
66 68 56
66 69 42
66 70 0
66 71 19
66 72 7
66 73 56
66 74 43
66 75 89
66 76 64
66 77 39
66 78 90
66 79 87
66 80 32
66 81 77
66 82 34
66 83 77
66 84 13
66 85 76
66 86 85
66 87 10
66 88 11
66 89 59
66 90 14
67 68 53
67 69 87
67 70 12
67 71 56
67 72 53
67 73 86
67 74 41
67 75 75
67 76 46
67 77 76
67 78 13
67 79 53
67 80 82
67 81 46
67 82 95
67 83 22
67 84 81
67 85 5
67 86 74
67 87 97
67 88 56
67 89 42
67 90 23
68 69 77
68 70 95
68 71 6
68 72 22
68 73 98
68 74 21
68 75 47
68 76 35
68 77 97
68 78 97
68 79 6
68 80 68
68 81 34
68 82 15
68 83 37
68 84 36
68 85 94
68 86 43
68 87 94
68 88 53
68 89 87
68 90 3
69 70 37
69 71 26
69 72 6
69 73 85
69 74 53
69 75 95
69 76 55
69 77 66
69 78 42
69 79 82
69 80 42
69 81 91
69 82 16
69 83 86
69 84 57
69 85 94
69 86 63
69 87 53
69 88 94
69 89 26
69 90 72
70 71 1
70 72 64
70 73 21
70 74 42
70 75 32
70 76 98
70 77 64
70 78 67
70 79 96
70 80 66
70 81 55
70 82 75
70 83 21
70 84 48
70 85 6
70 86 22
70 87 28
70 88 93
70 89 88
70 90 36
71 72 68
71 73 73
71 74 83
71 75 22
71 76 24
71 77 69
71 78 95
71 79 94
71 80 97
71 81 11
71 82 70
71 83 58
71 84 26
71 85 21
71 86 55
71 87 20
71 88 54
71 89 30
71 90 82
72 73 16
72 74 58
72 75 84
72 76 99
72 77 50
72 78 1
72 79 24
72 80 2
72 81 14
72 82 71
72 83 50
72 84 52
72 85 54
72 86 19
72 87 0
72 88 61
72 89 92
72 90 2
73 74 10
73 75 86
73 76 83
73 77 61
73 78 45
73 79 62
73 80 39
73 81 30
73 82 89
73 83 32
73 84 1
73 85 81
73 86 71
73 87 74
73 88 79
73 89 46
73 90 46
74 75 36
74 76 7
74 77 3
74 78 5
74 79 22
74 80 26
74 81 74
74 82 68
74 83 65
74 84 71
74 85 21
74 86 28
74 87 100
74 88 42
74 89 57
74 90 78
75 76 48
75 77 96
75 78 17
75 79 20
75 80 13
75 81 0
75 82 38
75 83 44
75 84 91
75 85 29
75 86 14
75 87 71
75 88 34
75 89 5
75 90 32
76 77 7
76 78 100
76 79 74
76 80 52
76 81 3
76 82 89
76 83 83
76 84 88
76 85 55
76 86 97
76 87 33
76 88 98
76 89 41
76 90 36
77 78 98
77 79 87
77 80 23
77 81 27
77 82 30
77 83 3
77 84 25
77 85 71
77 86 91
77 87 32
77 88 17
77 89 89
77 90 41
78 79 47
78 80 89
78 81 44
78 82 38
78 83 24
78 84 44
78 85 10
78 86 100
78 87 3
78 88 3
78 89 47
78 90 95
79 80 89
79 81 82
79 82 21
79 83 84
79 84 63
79 85 59
79 86 88
79 87 65
79 88 31
79 89 2
79 90 9
80 81 45
80 82 16
80 83 53
80 84 41
80 85 51
80 86 94
80 87 19
80 88 95
80 89 35
80 90 57
81 82 89
81 83 17
81 84 19
81 85 69
81 86 44
81 87 51
81 88 91
81 89 10
81 90 52
82 83 32
82 84 71
82 85 16
82 86 86
82 87 50
82 88 49
82 89 95
82 90 27
83 84 81
83 85 55
83 86 75
83 87 87
83 88 51
83 89 4
83 90 100
84 85 77
84 86 74
84 87 37
84 88 29
84 89 27
84 90 97
85 86 89
85 87 79
85 88 88
85 89 32
85 90 26
86 87 71
86 88 40
86 89 54
86 90 10
87 88 75
87 89 51
87 90 96
88 89 63
88 90 71
89 90 2
