91 4095
1 2 63
1 3 91
1 4 92
1 5 50
1 6 56
1 7 29
1 8 89
1 9 86
1 10 86
1 11 88
1 12 24
1 13 98
1 14 38
1 15 52
1 16 0
1 17 8
1 18 53
1 19 76
1 20 43
1 21 81
1 22 86
1 23 84
1 24 80
1 25 48
1 26 52
1 27 55
1 28 89
1 29 25
1 30 60
1 31 98
1 32 23
1 33 48
1 34 5
1 35 7
1 36 21
1 37 35
1 38 50
1 39 21
1 40 72
1 41 48
1 42 10
1 43 53
1 44 53
1 45 88
1 46 49
1 47 31
1 48 22
1 49 11
1 50 93
1 51 26
1 52 88
1 53 68
1 54 65
1 55 49
1 56 70
1 57 10
1 58 65
1 59 20
1 60 24
1 61 21
1 62 36
1 63 22
1 64 53
1 65 47
1 66 51
1 67 17
1 68 7
1 69 56
1 70 81
1 71 83
1 72 62
1 73 63
1 74 21
1 75 53
1 76 64
1 77 48
1 78 41
1 79 44
1 80 14
1 81 84
1 82 30
1 83 81
1 84 96
1 85 50
1 86 5
1 87 32
1 88 26
1 89 83
1 90 46
1 91 9
2 3 92
2 4 92
2 5 93
2 6 82
2 7 14
2 8 61
2 9 88
2 10 88
2 11 56
2 12 27
2 13 98
2 14 2
2 15 12
2 16 100
2 17 5
2 18 50
2 19 85
2 20 60
2 21 51
2 22 63
2 23 74
2 24 98
2 25 1
2 26 26
2 27 68
2 28 22
2 29 26
2 30 0
2 31 43
2 32 47
2 33 42
2 34 66
2 35 61
2 36 28
2 37 78
2 38 42
2 39 50
2 40 9
2 41 77
2 42 95
2 43 35
2 44 55
2 45 43
2 46 69
2 47 36
2 48 74
2 49 71
2 50 79
2 51 22
2 52 97
2 53 61
2 54 48
2 55 76
2 56 96
2 57 48
2 58 19
2 59 63
2 60 45
2 61 12
2 62 59
2 63 77
2 64 76
2 65 53
2 66 33
2 67 92
2 68 87
2 69 28
2 70 44
2 71 3
2 72 17
2 73 16
2 74 37
2 75 57
2 76 6
2 77 8
2 78 57
2 79 37
2 80 26
2 81 78
2 82 51
2 83 18
2 84 70
2 85 35
2 86 88
2 87 96
2 88 95
2 89 18
2 90 16
2 91 61
3 4 98
3 5 80
3 6 1
3 7 98
3 8 35
3 9 23
3 10 55
3 11 15
3 12 43
3 13 73
3 14 50
3 15 89
3 16 20
3 17 10
3 18 79
3 19 1
3 20 36
3 21 3
3 22 84
3 23 5
3 24 78
3 25 99
3 26 49
3 27 7
3 28 72
3 29 30
3 30 4
3 31 35
3 32 39
3 33 16
3 34 76
3 35 53
3 36 88
3 37 28
3 38 20
3 39 87
3 40 87
3 41 14
3 42 16
3 43 60
3 44 64
3 45 23
3 46 59
3 47 53
3 48 83
3 49 73
3 50 58
3 51 54
3 52 36
3 53 96
3 54 76
3 55 32
3 56 64
3 57 46
3 58 75
3 59 82
3 60 3
3 61 30
3 62 69
3 63 63
3 64 8
3 65 80
3 66 20
3 67 71
3 68 84
3 69 85
3 70 85
3 71 26
3 72 80
3 73 32
3 74 17
3 75 25
3 76 25
3 77 69
3 78 95
3 79 51
3 80 59
3 81 38
3 82 30
3 83 64
3 84 12
3 85 26
3 86 46
3 87 66
3 88 30
3 89 45
3 90 40
3 91 52
4 5 83
4 6 83
4 7 95
4 8 33
4 9 75
4 10 5
4 11 43
4 12 70
4 13 99
4 14 53
4 15 65
4 16 59
4 17 44
4 18 30
4 19 86
4 20 60
4 21 89
4 22 53
4 23 74
4 24 70
4 25 95
4 26 41
4 27 45
4 28 22
4 29 36
4 30 24
4 31 13
4 32 100
4 33 40
4 34 7
4 35 85
4 36 97
4 37 17
4 38 91
4 39 21
4 40 70
4 41 9
4 42 84
4 43 11
4 44 99
4 45 61
4 46 43
4 47 86
4 48 99
4 49 12
4 50 59
4 51 37
4 52 38
4 53 29
4 54 21
4 55 2
4 56 49
4 57 69
4 58 0
4 59 97
4 60 6
4 61 15
4 62 85
4 63 70
4 64 73
4 65 31
4 66 50
4 67 24
4 68 26
4 69 44
4 70 95
4 71 33
4 72 40
4 73 38
4 74 49
4 75 52
4 76 77
4 77 47
4 78 47
4 79 94
4 80 91
4 81 47
4 82 37
4 83 54
4 84 6
4 85 83
4 86 100
4 87 36
4 88 70
4 89 73
4 90 28
4 91 51
5 6 83
5 7 85
5 8 88
5 9 41
5 10 71
5 11 0
5 12 100
5 13 66
5 14 96
5 15 33
5 16 50
5 17 93
5 18 86
5 19 20
5 20 93
5 21 80
5 22 39
5 23 63
5 24 20
5 25 2
5 26 14
5 27 1
5 28 43
5 29 100
5 30 95
5 31 53
5 32 7
5 33 3
5 34 72
5 35 5
5 36 44
5 37 83
5 38 68
5 39 37
5 40 32
5 41 99
5 42 3
5 43 68
5 44 4
5 45 11
5 46 47
5 47 51
5 48 29
5 49 40
5 50 24
5 51 47
5 52 58
5 53 7
5 54 96
5 55 49
5 56 63
5 57 40
5 58 59
5 59 13
5 60 7
5 61 88
5 62 5
5 63 0
5 64 36
5 65 28
5 66 86
5 67 9
5 68 82
5 69 3
5 70 8
5 71 39
5 72 38
5 73 25
5 74 14
5 75 10
5 76 69
5 77 70
5 78 66
5 79 52
5 80 39
5 81 43
5 82 99
5 83 50
5 84 74
5 85 85
5 86 11
5 87 64
5 88 43
5 89 91
5 90 65
5 91 82
6 7 37
6 8 58
6 9 84
6 10 1
6 11 86
6 12 22
6 13 90
6 14 76
6 15 75
6 16 74
6 17 77
6 18 55
6 19 62
6 20 42
6 21 37
6 22 23
6 23 75
6 24 22
6 25 2
6 26 21
6 27 31
6 28 26
6 29 53
6 30 17
6 31 65
6 32 36
6 33 63
6 34 73
6 35 4
6 36 35
6 37 51
6 38 26
6 39 89
6 40 76
6 41 20
6 42 100
6 43 26
6 44 17
6 45 58
6 46 69
6 47 93
6 48 77
6 49 28
6 50 22
6 51 33
6 52 73
6 53 93
6 54 76
6 55 95
6 56 25
6 57 58
6 58 49
6 59 86
6 60 14
6 61 49
6 62 1
6 63 13
6 64 89
6 65 54
6 66 80
6 67 40
6 68 43
6 69 26
6 70 2
6 71 4
6 72 71
6 73 71
6 74 88
6 75 84
6 76 58
6 77 30
6 78 65
6 79 22
6 80 30
6 81 98
6 82 13
6 83 19
6 84 37
6 85 54
6 86 64
6 87 100
6 88 97
6 89 91
6 90 80
6 91 99
7 8 59
7 9 41
7 10 87
7 11 23
7 12 10
7 13 74
7 14 7
7 15 37
7 16 8
7 17 68
7 18 40
7 19 37
7 20 28
7 21 1
7 22 2
7 23 82
7 24 22
7 25 56
7 26 8
7 27 75
7 28 91
7 29 26
7 30 32
7 31 32
7 32 25
7 33 70
7 34 88
7 35 75
7 36 96
7 37 89
7 38 85
7 39 61
7 40 68
7 41 71
7 42 10
7 43 66
7 44 50
7 45 8
7 46 32
7 47 76
7 48 21
7 49 83
7 50 84
7 51 2
7 52 57
7 53 39
7 54 50
7 55 31
7 56 28
7 57 85
7 58 9
7 59 6
7 60 22
7 61 33
7 62 65
7 63 52
7 64 34
7 65 90
7 66 31
7 67 27
7 68 14
7 69 63
7 70 44
7 71 62
7 72 69
7 73 16
7 74 49
7 75 11
7 76 57
7 77 50
7 78 60
7 79 23
7 80 81
7 81 95
7 82 68
7 83 8
7 84 23
7 85 53
7 86 50
7 87 70
7 88 57
7 89 14
7 90 85
7 91 12
8 9 30
8 10 41
8 11 9
8 12 55
8 13 10
8 14 93
8 15 46
8 16 34
8 17 47
8 18 42
8 19 84
8 20 13
8 21 0
8 22 87
8 23 61
8 24 43
8 25 36
8 26 12
8 27 9
8 28 52
8 29 54
8 30 31
8 31 26
8 32 7
8 33 89
8 34 98
8 35 28
8 36 53
8 37 0
8 38 25
8 39 8
8 40 30
8 41 44
8 42 59
8 43 13
8 44 20
8 45 77
8 46 40
8 47 55
8 48 11
8 49 49
8 50 36
8 51 19
8 52 87
8 53 25
8 54 74
8 55 93
8 56 1
8 57 63
8 58 46
8 59 68
8 60 16
8 61 32
8 62 91
8 63 2
8 64 2
8 65 69
8 66 29
8 67 99
8 68 71
8 69 64
8 70 97
8 71 4
8 72 38
8 73 6
8 74 36
8 75 98
8 76 93
8 77 47
8 78 79
8 79 72
8 80 77
8 81 3
8 82 68
8 83 4
8 84 76
8 85 87
8 86 51
8 87 100
8 88 19
8 89 85
8 90 15
8 91 87
9 10 60
9 11 13
9 12 21
9 13 14
9 14 22
9 15 98
9 16 85
9 17 39
9 18 77
9 19 29
9 20 72
9 21 32
9 22 15
9 23 74
9 24 96
9 25 60
9 26 94
9 27 22
9 28 47
9 29 71
9 30 57
9 31 30
9 32 42
9 33 25
9 34 54
9 35 33
9 36 41
9 37 43
9 38 24
9 39 55
9 40 94
9 41 44
9 42 28
9 43 74
9 44 36
9 45 2
9 46 74
9 47 87
9 48 52
9 49 20
9 50 11
9 51 14
9 52 27
9 53 59
9 54 39
9 55 82
9 56 23
9 57 60
9 58 39
9 59 83
9 60 17
9 61 1
9 62 20
9 63 19
9 64 9
9 65 52
9 66 31
9 67 98
9 68 86
9 69 69
9 70 80
9 71 90
9 72 38
9 73 27
9 74 35
9 75 54
9 76 68
9 77 66
9 78 75
9 79 79
9 80 6
9 81 4
9 82 25
9 83 37
9 84 55
9 85 59
9 86 43
9 87 79
9 88 35
9 89 90
9 90 27
9 91 45
10 11 7
10 12 28
10 13 32
10 14 61
10 15 8
10 16 58
10 17 86
10 18 53
10 19 59
10 20 13
10 21 32
10 22 17
10 23 67
10 24 20
10 25 70
10 26 55
10 27 44
10 28 21
10 29 91
10 30 20
10 31 41
10 32 52
10 33 76
10 34 82
10 35 68
10 36 45
10 37 2
10 38 76
10 39 74
10 40 4
10 41 22
10 42 75
10 43 91
10 44 44
10 45 74
10 46 12
10 47 24
10 48 14
10 49 80
10 50 51
10 51 11
10 52 13
10 53 7
10 54 68
10 55 66
10 56 80
10 57 97
10 58 12
10 59 35
10 60 69
10 61 67
10 62 15
10 63 64
10 64 79
10 65 84
10 66 0
10 67 6
10 68 53
10 69 39
10 70 5
10 71 31
10 72 25
10 73 92
10 74 3
10 75 35
10 76 48
10 77 60
10 78 48
10 79 49
10 80 75
10 81 3
10 82 10
10 83 61
10 84 77
10 85 59
10 86 10
10 87 72
10 88 100
10 89 66
10 90 40
10 91 36
11 12 74
11 13 70
11 14 22
11 15 69
11 16 4
11 17 80
11 18 61
11 19 85
11 20 2
11 21 51
11 22 95
11 23 73
11 24 68
11 25 67
11 26 0
11 27 68
11 28 93
11 29 66
11 30 59
11 31 30
11 32 40
11 33 46
11 34 55
11 35 74
11 36 8
11 37 76
11 38 33
11 39 71
11 40 79
11 41 63
11 42 41
11 43 17
11 44 66
11 45 81
11 46 69
11 47 70
11 48 45
11 49 24
11 50 25
11 51 31
11 52 11
11 53 30
11 54 74
11 55 90
11 56 61
11 57 41
11 58 23
11 59 61
11 60 33
11 61 70
11 62 76
11 63 22
11 64 87
11 65 53
11 66 79
11 67 37
11 68 89
11 69 11
11 70 85
11 71 88
11 72 49
11 73 19
11 74 6
11 75 10
11 76 30
11 77 28
11 78 47
11 79 40
11 80 31
11 81 93
11 82 90
11 83 3
11 84 53
11 85 55
11 86 30
11 87 94
11 88 89
11 89 22
11 90 56
11 91 38
12 13 8
12 14 0
12 15 48
12 16 10
12 17 78
12 18 43
12 19 1
12 20 65
12 21 35
12 22 85
12 23 15
12 24 35
12 25 44
12 26 90
12 27 47
12 28 1
12 29 94
12 30 46
12 31 29
12 32 10
12 33 59
12 34 59
12 35 49
12 36 47
12 37 40
12 38 47
12 39 48
12 40 91
12 41 7
12 42 15
12 43 21
12 44 11
12 45 80
12 46 26
12 47 11
12 48 50
12 49 66
12 50 69
12 51 35
12 52 58
12 53 8
12 54 32
12 55 70
12 56 87
12 57 79
12 58 7
12 59 43
12 60 25
12 61 16
12 62 3
12 63 80
12 64 55
12 65 24
12 66 12
12 67 96
12 68 30
12 69 88
12 70 90
12 71 32
12 72 14
12 73 18
12 74 81
12 75 10
12 76 76
12 77 44
12 78 55
12 79 99
12 80 94
12 81 9
12 82 89
12 83 73
12 84 17
12 85 50
12 86 66
12 87 96
12 88 10
12 89 10
12 90 88
12 91 15
13 14 16
13 15 77
13 16 37
13 17 72
13 18 93
13 19 18
13 20 59
13 21 71
13 22 91
13 23 38
13 24 84
13 25 84
13 26 95
13 27 38
13 28 93
13 29 28
13 30 52
13 31 56
13 32 11
13 33 7
13 34 46
13 35 49
13 36 13
13 37 12
13 38 49
13 39 88
13 40 79
13 41 66
13 42 62
13 43 26
13 44 95
13 45 73
13 46 90
13 47 37
13 48 30
13 49 5
13 50 54
13 51 18
13 52 86
13 53 88
13 54 33
13 55 23
13 56 83
13 57 66
13 58 25
13 59 83
13 60 49
13 61 33
13 62 97
13 63 48
13 64 79
13 65 11
13 66 58
13 67 0
13 68 90
13 69 67
13 70 40
13 71 20
13 72 81
13 73 20
13 74 32
13 75 96
13 76 56
13 77 77
13 78 86
13 79 72
13 80 26
13 81 40
13 82 68
13 83 14
13 84 95
13 85 4
13 86 33
13 87 3
13 88 68
13 89 10
13 90 34
13 91 10
14 15 67
14 16 70
14 17 10
14 18 85
14 19 46
14 20 78
14 21 65
14 22 14
14 23 20
14 24 95
14 25 9
14 26 73
14 27 8
14 28 86
14 29 90
14 30 35
14 31 73
14 32 53
14 33 30
14 34 40
14 35 82
14 36 96
14 37 61
14 38 85
14 39 82
14 40 96
14 41 2
14 42 81
14 43 17
14 44 91
14 45 4
14 46 64
14 47 88
14 48 57
14 49 92
14 50 52
14 51 45
14 52 29
14 53 20
14 54 100
14 55 29
14 56 80
14 57 26
14 58 11
14 59 9
14 60 53
14 61 35
14 62 98
14 63 90
14 64 66
14 65 3
14 66 77
14 67 25
14 68 16
14 69 52
14 70 27
14 71 31
14 72 42
14 73 73
14 74 33
14 75 17
14 76 33
14 77 69
14 78 88
14 79 13
14 80 27
14 81 39
14 82 13
14 83 8
14 84 7
14 85 86
14 86 19
14 87 34
14 88 98
14 89 54
14 90 63
14 91 33
15 16 66
15 17 78
15 18 5
15 19 27
15 20 64
15 21 69
15 22 32
15 23 30
15 24 69
15 25 10
15 26 32
15 27 60
15 28 32
15 29 11
15 30 99
15 31 58
15 32 54
15 33 60
15 34 23
15 35 64
15 36 46
15 37 17
15 38 90
15 39 91
15 40 47
15 41 23
15 42 18
15 43 63
15 44 67
15 45 76
15 46 84
15 47 56
15 48 62
15 49 88
15 50 68
15 51 57
15 52 3
15 53 55
15 54 25
15 55 60
15 56 7
15 57 87
15 58 35
15 59 56
15 60 52
15 61 2
15 62 16
15 63 95
15 64 38
15 65 10
15 66 22
15 67 4
15 68 46
15 69 71
15 70 2
15 71 56
15 72 69
15 73 55
15 74 85
15 75 28
15 76 90
15 77 52
15 78 65
15 79 57
15 80 26
15 81 97
15 82 57
15 83 37
15 84 26
15 85 4
15 86 35
15 87 85
15 88 79
15 89 6
15 90 14
15 91 46
16 17 96
16 18 61
16 19 48
16 20 8
16 21 24
16 22 98
16 23 28
16 24 62
16 25 62
16 26 46
16 27 12
16 28 8
16 29 35
16 30 80
16 31 94
16 32 58
16 33 9
16 34 31
16 35 66
16 36 78
16 37 18
16 38 12
16 39 42
16 40 2
16 41 16
16 42 25
16 43 81
16 44 20
16 45 52
16 46 83
16 47 28
16 48 59
16 49 78
16 50 93
16 51 87
16 52 82
16 53 76
16 54 70
16 55 2
16 56 55
16 57 48
16 58 49
16 59 59
16 60 36
16 61 76
16 62 97
16 63 67
16 64 91
16 65 30
16 66 61
16 67 27
16 68 91
16 69 16
16 70 17
16 71 59
16 72 24
16 73 43
16 74 67
16 75 72
16 76 21
16 77 60
16 78 74
16 79 32
16 80 51
16 81 60
16 82 77
16 83 35
16 84 6
16 85 2
16 86 84
16 87 79
16 88 87
16 89 4
16 90 42
16 91 6
17 18 83
17 19 52
17 20 13
17 21 69
17 22 97
17 23 12
17 24 73
17 25 56
17 26 87
17 27 32
17 28 62
17 29 31
17 30 53
17 31 30
17 32 81
17 33 85
17 34 16
17 35 43
17 36 45
17 37 12
17 38 35
17 39 26
17 40 51
17 41 93
17 42 58
17 43 0
17 44 75
17 45 61
17 46 18
17 47 13
17 48 80
17 49 76
17 50 8
17 51 27
17 52 14
17 53 33
17 54 93
17 55 91
17 56 100
17 57 27
17 58 90
17 59 34
17 60 95
17 61 66
17 62 22
17 63 20
17 64 32
17 65 32
17 66 51
17 67 88
17 68 97
17 69 63
17 70 98
17 71 46
17 72 88
17 73 28
17 74 54
17 75 77
17 76 39
17 77 85
17 78 98
17 79 10
17 80 34
17 81 13
17 82 95
17 83 69
17 84 96
17 85 85
17 86 90
17 87 41
17 88 71
17 89 54
17 90 12
17 91 26
18 19 48
18 20 21
18 21 69
18 22 20
18 23 9
18 24 61
18 25 66
18 26 75
18 27 85
18 28 97
18 29 22
18 30 21
18 31 18
18 32 81
18 33 56
18 34 41
18 35 39
18 36 75
18 37 35
18 38 52
18 39 20
18 40 10
18 41 38
18 42 71
18 43 33
18 44 44
18 45 85
18 46 28
18 47 18
18 48 67
18 49 30
18 50 32
18 51 6
18 52 53
18 53 99
18 54 63
18 55 18
18 56 71
18 57 22
18 58 40
18 59 2
18 60 80
18 61 50
18 62 98
18 63 3
18 64 70
18 65 49
18 66 77
18 67 45
18 68 18
18 69 12
18 70 94
18 71 55
18 72 87
18 73 27
18 74 66
18 75 20
18 76 88
18 77 78
18 78 36
18 79 30
18 80 57
18 81 2
18 82 55
18 83 44
18 84 61
18 85 71
18 86 71
18 87 63
18 88 64
18 89 25
18 90 20
18 91 93
19 20 20
19 21 61
19 22 32
19 23 97
19 24 19
19 25 39
19 26 41
19 27 62
19 28 83
19 29 1
19 30 29
19 31 8
19 32 8
19 33 63
19 34 24
19 35 92
19 36 36
19 37 13
19 38 63
19 39 99
19 40 49
19 41 77
19 42 27
19 43 97
19 44 5
19 45 4
19 46 0
19 47 44
19 48 35
19 49 4
19 50 55
19 51 12
19 52 89
19 53 13
19 54 88
19 55 16
19 56 5
19 57 8
19 58 72
19 59 47
19 60 47
19 61 66
19 62 40
19 63 22
19 64 20
19 65 31
19 66 61
19 67 56
19 68 96
19 69 74
19 70 39
19 71 84
19 72 97
19 73 23
19 74 46
19 75 38
19 76 50
19 77 84
19 78 6
19 79 21
19 80 68
19 81 70
19 82 25
19 83 90
19 84 68
19 85 82
19 86 80
19 87 15
19 88 49
19 89 4
19 90 17
19 91 18
20 21 70
20 22 17
20 23 13
20 24 65
20 25 13
20 26 78
20 27 88
20 28 36
20 29 36
20 30 70
20 31 42
20 32 75
20 33 29
20 34 87
20 35 49
20 36 30
20 37 14
20 38 5
20 39 63
20 40 42
20 41 92
20 42 99
20 43 58
20 44 50
20 45 54
20 46 62
20 47 99
20 48 97
20 49 87
20 50 61
20 51 82
20 52 67
20 53 0
20 54 7
20 55 20
20 56 17
20 57 24
20 58 89
20 59 64
20 60 92
20 61 66
20 62 36
20 63 1
20 64 5
20 65 79
20 66 20
20 67 68
20 68 65
20 69 11
20 70 63
20 71 36
20 72 37
20 73 73
20 74 70
20 75 64
20 76 52
20 77 5
20 78 33
20 79 98
20 80 20
20 81 25
20 82 66
20 83 48
20 84 11
20 85 20
20 86 30
20 87 96
20 88 79
20 89 41
20 90 72
20 91 85
21 22 66
21 23 68
21 24 47
21 25 47
21 26 22
21 27 64
21 28 80
21 29 56
21 30 81
21 31 70
21 32 15
21 33 65
21 34 60
21 35 56
21 36 36
21 37 3
21 38 94
21 39 15
21 40 90
21 41 57
21 42 97
21 43 63
21 44 51
21 45 2
21 46 46
21 47 75
21 48 6
21 49 62
21 50 78
21 51 91
21 52 8
21 53 55
21 54 2
21 55 83
21 56 47
21 57 11
21 58 99
21 59 43
21 60 95
21 61 20
21 62 73
21 63 97
21 64 82
21 65 85
21 66 87
21 67 75
21 68 58
21 69 69
21 70 33
21 71 85
21 72 100
21 73 49
21 74 38
21 75 36
21 76 54
21 77 17
21 78 52
21 79 65
21 80 27
21 81 46
21 82 26
21 83 26
21 84 6
21 85 43
21 86 92
21 87 45
21 88 14
21 89 6
21 90 50
21 91 42
22 23 37
22 24 25
22 25 50
22 26 97
22 27 5
22 28 63
22 29 67
22 30 2
22 31 83
22 32 44
22 33 94
22 34 90
22 35 45
22 36 57
22 37 5
22 38 64
22 39 83
22 40 63
22 41 53
22 42 58
22 43 51
22 44 29
22 45 70
22 46 77
22 47 66
22 48 52
22 49 36
22 50 18
22 51 41
22 52 59
22 53 77
22 54 59
22 55 16
22 56 14
22 57 17
22 58 1
22 59 8
22 60 66
22 61 93
22 62 84
22 63 38
22 64 54
22 65 61
22 66 97
22 67 19
22 68 36
22 69 64
22 70 70
22 71 40
22 72 26
22 73 25
22 74 31
22 75 86
22 76 66
22 77 23
22 78 22
22 79 67
22 80 81
22 81 77
22 82 36
22 83 64
22 84 96
22 85 99
22 86 24
22 87 30
22 88 17
22 89 68
22 90 99
22 91 26
23 24 94
23 25 94
23 26 17
23 27 88
23 28 55
23 29 77
23 30 60
23 31 53
23 32 28
23 33 72
23 34 96
23 35 15
23 36 19
23 37 6
23 38 45
23 39 66
23 40 38
23 41 4
23 42 66
23 43 36
23 44 22
23 45 32
23 46 33
23 47 29
23 48 77
23 49 59
23 50 0
23 51 90
23 52 27
23 53 45
23 54 24
23 55 64
23 56 3
23 57 48
23 58 55
23 59 75
23 60 20
23 61 29
23 62 15
23 63 32
23 64 83
23 65 72
23 66 54
23 67 78
23 68 37
23 69 99
23 70 21
23 71 48
23 72 57
23 73 13
23 74 100
23 75 58
23 76 83
23 77 41
23 78 38
23 79 10
23 80 91
23 81 66
23 82 28
23 83 69
23 84 66
23 85 70
23 86 39
23 87 63
23 88 43
23 89 30
23 90 74
23 91 39
24 25 2
24 26 23
24 27 97
24 28 90
24 29 93
24 30 72
24 31 44
24 32 21
24 33 95
24 34 57
24 35 57
24 36 89
24 37 47
24 38 74
24 39 85
24 40 55
24 41 65
24 42 39
24 43 30
24 44 54
24 45 86
24 46 28
24 47 16
24 48 99
24 49 85
24 50 17
24 51 72
24 52 91
24 53 26
24 54 35
24 55 22
24 56 94
24 57 58
24 58 19
24 59 59
24 60 96
24 61 63
24 62 56
24 63 43
24 64 26
24 65 57
24 66 85
24 67 87
24 68 23
24 69 87
24 70 1
24 71 81
24 72 71
24 73 78
24 74 55
24 75 98
24 76 3
24 77 79
24 78 48
24 79 18
24 80 12
24 81 6
24 82 69
24 83 47
24 84 26
24 85 93
24 86 55
24 87 96
24 88 28
24 89 26
24 90 77
24 91 19
25 26 81
25 27 95
25 28 37
25 29 14
25 30 67
25 31 66
25 32 11
25 33 30
25 34 30
25 35 44
25 36 71
25 37 96
25 38 47
25 39 58
25 40 73
25 41 7
25 42 34
25 43 67
25 44 94
25 45 14
25 46 14
25 47 85
25 48 11
25 49 0
25 50 72
25 51 99
25 52 36
25 53 0
25 54 85
25 55 98
25 56 46
25 57 11
25 58 51
25 59 54
25 60 69
25 61 71
25 62 77
25 63 93
25 64 81
25 65 1
25 66 7
25 67 94
25 68 44
25 69 32
25 70 68
25 71 99
25 72 27
25 73 70
25 74 41
25 75 82
25 76 57
25 77 55
25 78 72
25 79 25
25 80 37
25 81 11
25 82 61
25 83 59
25 84 40
25 85 21
25 86 100
25 87 21
25 88 83
25 89 18
25 90 4
25 91 83
26 27 0
26 28 70
26 29 68
26 30 75
26 31 38
26 32 61
26 33 96
26 34 40
26 35 45
26 36 56
26 37 36
26 38 31
26 39 99
26 40 13
26 41 96
26 42 64
26 43 17
26 44 84
26 45 0
26 46 44
26 47 44
26 48 16
26 49 94
26 50 13
26 51 83
26 52 84
26 53 34
26 54 51
26 55 17
26 56 77
26 57 4
26 58 16
26 59 11
26 60 70
26 61 88
26 62 45
26 63 78
26 64 79
26 65 53
26 66 94
26 67 30
26 68 4
26 69 1
26 70 85
26 71 16
26 72 69
26 73 9
26 74 81
26 75 28
26 76 5
26 77 70
26 78 72
26 79 80
26 80 16
26 81 3
26 82 75
26 83 33
26 84 85
26 85 73
26 86 65
26 87 68
26 88 23
26 89 46
26 90 1
26 91 51
27 28 6
27 29 81
27 30 95
27 31 82
27 32 43
27 33 49
27 34 100
27 35 25
27 36 89
27 37 55
27 38 29
27 39 77
27 40 87
27 41 64
27 42 80
27 43 33
27 44 89
27 45 4
27 46 35
27 47 89
27 48 91
27 49 27
27 50 82
27 51 38
27 52 64
27 53 87
27 54 35
27 55 56
27 56 38
27 57 83
27 58 67
27 59 25
27 60 100
27 61 35
27 62 39
27 63 23
27 64 40
27 65 93
27 66 86
27 67 99
27 68 56
27 69 70
27 70 27
27 71 95
27 72 60
27 73 24
27 74 89
27 75 3
27 76 83
27 77 33
27 78 73
27 79 65
27 80 90
27 81 75
27 82 35
27 83 90
27 84 28
27 85 16
27 86 64
27 87 97
27 88 82
27 89 83
27 90 72
27 91 82
28 29 80
28 30 44
28 31 96
28 32 55
28 33 94
28 34 86
28 35 81
28 36 84
28 37 18
28 38 69
28 39 83
28 40 4
28 41 70
28 42 50
28 43 39
28 44 20
28 45 74
28 46 96
28 47 51
28 48 3
28 49 57
28 50 35
28 51 36
28 52 3
28 53 38
28 54 60
28 55 77
28 56 40
28 57 90
28 58 35
28 59 95
28 60 30
28 61 40
28 62 28
28 63 18
28 64 19
28 65 12
28 66 58
28 67 35
28 68 57
28 69 30
28 70 37
28 71 8
28 72 100
28 73 27
28 74 38
28 75 2
28 76 58
28 77 94
28 78 95
28 79 17
28 80 62
28 81 57
28 82 31
28 83 86
28 84 86
28 85 86
28 86 48
28 87 41
28 88 3
28 89 94
28 90 33
28 91 58
29 30 34
29 31 16
29 32 11
29 33 21
29 34 67
29 35 65
29 36 28
29 37 61
29 38 86
29 39 27
29 40 95
29 41 32
29 42 93
29 43 73
29 44 98
29 45 19
29 46 46
29 47 67
29 48 45
29 49 8
29 50 55
29 51 27
29 52 21
29 53 51
29 54 15
29 55 70
29 56 64
29 57 56
29 58 23
29 59 42
29 60 38
29 61 13
29 62 39
29 63 29
29 64 63
29 65 73
29 66 47
29 67 24
29 68 20
29 69 89
29 70 93
29 71 45
29 72 55
29 73 95
29 74 35
29 75 96
29 76 17
29 77 16
29 78 21
29 79 44
29 80 21
29 81 38
29 82 31
29 83 74
29 84 79
29 85 5
29 86 10
29 87 4
29 88 74
29 89 96
29 90 81
29 91 90
30 31 5
30 32 13
30 33 90
30 34 99
30 35 97
30 36 64
30 37 51
30 38 99
30 39 85
30 40 49
30 41 73
30 42 54
30 43 55
30 44 17
30 45 33
30 46 45
30 47 40
30 48 12
30 49 53
30 50 30
30 51 2
30 52 97
30 53 17
30 54 70
30 55 53
30 56 12
30 57 62
30 58 54
30 59 36
30 60 79
30 61 13
30 62 22
30 63 4
30 64 60
30 65 68
30 66 75
30 67 71
30 68 5
30 69 11
30 70 11
30 71 89
30 72 78
30 73 78
30 74 62
30 75 39
30 76 7
30 77 23
30 78 70
30 79 24
30 80 48
30 81 80
30 82 25
30 83 48
30 84 40
30 85 74
30 86 62
30 87 92
30 88 1
30 89 20
30 90 53
30 91 57
31 32 31
31 33 56
31 34 93
31 35 16
31 36 98
31 37 10
31 38 19
31 39 4
31 40 14
31 41 47
31 42 7
31 43 37
31 44 77
31 45 12
31 46 52
31 47 54
31 48 38
31 49 44
31 50 74
31 51 68
31 52 8
31 53 84
31 54 55
31 55 13
31 56 0
31 57 79
31 58 24
31 59 84
31 60 65
31 61 99
31 62 83
31 63 3
31 64 91
31 65 100
31 66 98
31 67 23
31 68 69
31 69 55
31 70 51
31 71 63
31 72 2
31 73 19
31 74 38
31 75 28
31 76 28
31 77 13
31 78 54
31 79 23
31 80 38
31 81 84
31 82 28
31 83 4
31 84 0
31 85 41
31 86 77
31 87 12
31 88 75
31 89 17
31 90 83
31 91 48
32 33 1
32 34 77
32 35 82
32 36 87
32 37 58
32 38 28
32 39 41
32 40 0
32 41 20
32 42 86
32 43 35
32 44 83
32 45 31
32 46 90
32 47 2
32 48 67
32 49 79
32 50 69
32 51 93
32 52 66
32 53 10
32 54 43
32 55 61
32 56 64
32 57 23
32 58 98
32 59 99
32 60 8
32 61 22
32 62 71
32 63 78
32 64 83
32 65 57
32 66 22
32 67 17
32 68 37
32 69 95
32 70 84
32 71 31
32 72 95
32 73 93
32 74 79
32 75 69
32 76 75
32 77 21
32 78 52
32 79 81
32 80 64
32 81 64
32 82 49
32 83 66
32 84 30
32 85 56
32 86 37
32 87 45
32 88 96
32 89 93
32 90 76
32 91 60
33 34 31
33 35 15
33 36 59
33 37 80
33 38 47
33 39 17
33 40 25
33 41 39
33 42 86
33 43 56
33 44 77
33 45 36
33 46 21
33 47 37
33 48 5
33 49 98
33 50 51
33 51 1
33 52 39
33 53 78
33 54 41
33 55 86
33 56 38
33 57 94
33 58 95
33 59 62
33 60 45
33 61 89
33 62 92
33 63 69
33 64 65
33 65 69
33 66 70
33 67 80
33 68 66
33 69 97
33 70 100
33 71 38
33 72 28
33 73 47
33 74 78
33 75 53
33 76 94
33 77 0
33 78 16
33 79 64
33 80 23
33 81 56
33 82 97
33 83 26
33 84 4
33 85 46
33 86 40
33 87 22
33 88 71
33 89 80
33 90 85
33 91 2
34 35 32
34 36 79
34 37 75
34 38 80
34 39 63
34 40 17
34 41 55
34 42 63
34 43 24
34 44 75
34 45 76
34 46 76
34 47 87
34 48 58
34 49 28
34 50 98
34 51 75
34 52 61
34 53 0
34 54 34
34 55 57
34 56 55
34 57 57
34 58 41
34 59 58
34 60 74
34 61 32
34 62 57
34 63 87
34 64 25
34 65 11
34 66 59
34 67 10
34 68 25
34 69 77
34 70 38
34 71 56
34 72 67
34 73 98
34 74 94
34 75 28
34 76 19
34 77 75
34 78 57
34 79 81
34 80 87
34 81 3
34 82 70
34 83 44
34 84 22
34 85 13
34 86 39
34 87 19
34 88 93
34 89 39
34 90 71
34 91 54
35 36 31
35 37 67
35 38 92
35 39 84
35 40 24
35 41 66
35 42 21
35 43 37
35 44 42
35 45 20
35 46 25
35 47 27
35 48 89
35 49 55
35 50 32
35 51 51
35 52 99
35 53 2
35 54 41
35 55 39
35 56 11
35 57 48
35 58 65
35 59 51
35 60 50
35 61 11
35 62 9
35 63 61
35 64 58
35 65 62
35 66 72
35 67 11
35 68 87
35 69 66
35 70 73
35 71 100
35 72 47
35 73 24
35 74 31
35 75 30
35 76 87
35 77 86
35 78 25
35 79 97
35 80 62
35 81 80
35 82 37
35 83 89
35 84 1
35 85 52
35 86 67
35 87 94
35 88 40
35 89 12
35 90 72
35 91 85
36 37 17
36 38 40
36 39 74
36 40 28
36 41 75
36 42 20
36 43 94
36 44 82
36 45 87
36 46 96
36 47 14
36 48 61
36 49 78
36 50 91
36 51 63
36 52 75
36 53 24
36 54 5
36 55 67
36 56 67
36 57 100
36 58 3
36 59 55
36 60 27
36 61 34
36 62 76
36 63 51
36 64 22
36 65 43
36 66 78
36 67 93
36 68 28
36 69 77
36 70 98
36 71 100
36 72 18
36 73 69
36 74 82
36 75 84
36 76 56
36 77 26
36 78 56
36 79 6
36 80 90
36 81 80
36 82 50
36 83 12
36 84 73
36 85 99
36 86 5
36 87 90
36 88 36
36 89 45
36 90 61
36 91 81
37 38 8
37 39 34
37 40 14
37 41 35
37 42 21
37 43 71
37 44 51
37 45 21
37 46 51
37 47 58
37 48 41
37 49 98
37 50 36
37 51 53
37 52 11
37 53 11
37 54 35
37 55 74
37 56 16
37 57 30
37 58 14
37 59 84
37 60 49
37 61 31
37 62 1
37 63 26
37 64 97
37 65 78
37 66 16
37 67 89
37 68 71
37 69 2
37 70 76
37 71 46
37 72 5
37 73 9
37 74 26
37 75 18
37 76 70
37 77 6
37 78 22
37 79 46
37 80 64
37 81 43
37 82 24
37 83 87
37 84 2
37 85 11
37 86 49
37 87 40
37 88 11
37 89 23
37 90 57
37 91 59
38 39 97
38 40 64
38 41 75
38 42 97
38 43 20
38 44 8
38 45 74
38 46 73
38 47 81
38 48 12
38 49 100
38 50 29
38 51 86
38 52 15
38 53 52
38 54 23
38 55 43
38 56 72
38 57 79
38 58 74
38 59 77
38 60 7
38 61 3
38 62 87
38 63 53
38 64 49
38 65 33
38 66 55
38 67 55
38 68 70
38 69 51
38 70 81
38 71 56
38 72 62
38 73 9
38 74 73
38 75 80
38 76 16
38 77 97
38 78 95
38 79 13
38 80 55
38 81 99
38 82 46
38 83 77
38 84 38
38 85 99
38 86 85
38 87 98
38 88 76
38 89 72
38 90 94
38 91 6
39 40 45
39 41 82
39 42 49
39 43 3
39 44 39
39 45 20
39 46 79
39 47 61
39 48 46
39 49 89
39 50 2
39 51 27
39 52 48
39 53 82
39 54 22
39 55 55
39 56 42
39 57 89
39 58 9
39 59 84
39 60 28
39 61 0
39 62 65
39 63 18
39 64 19
39 65 4
39 66 79
39 67 99
39 68 27
39 69 16
39 70 94
39 71 94
39 72 8
39 73 44
39 74 0
39 75 84
39 76 74
39 77 57
39 78 54
39 79 93
39 80 15
39 81 76
39 82 52
39 83 31
39 84 34
39 85 85
39 86 97
39 87 78
39 88 100
39 89 32
39 90 67
39 91 84
40 41 58
40 42 12
40 43 20
40 44 26
40 45 55
40 46 6
40 47 5
40 48 43
40 49 17
40 50 60
40 51 47
40 52 83
40 53 63
40 54 50
40 55 17
40 56 62
40 57 99
40 58 97
40 59 6
40 60 90
40 61 81
40 62 50
40 63 8
40 64 18
40 65 39
40 66 21
40 67 99
40 68 10
40 69 51
40 70 67
40 71 5
40 72 82
40 73 55
40 74 25
40 75 80
40 76 41
40 77 23
40 78 84
40 79 9
40 80 38
40 81 82
40 82 77
40 83 1
40 84 18
40 85 74
40 86 24
40 87 94
40 88 99
40 89 21
40 90 57
40 91 90
41 42 52
41 43 53
41 44 54
41 45 24
41 46 82
41 47 56
41 48 84
41 49 6
41 50 42
41 51 46
41 52 89
41 53 44
41 54 66
41 55 41
41 56 17
41 57 75
41 58 100
41 59 12
41 60 82
41 61 15
41 62 6
41 63 90
41 64 11
41 65 64
41 66 50
41 67 52
41 68 73
41 69 37
41 70 40
41 71 99
41 72 14
41 73 48
41 74 39
41 75 100
41 76 80
41 77 47
41 78 100
41 79 56
41 80 29
41 81 42
41 82 66
41 83 91
41 84 40
41 85 27
41 86 22
41 87 52
41 88 74
41 89 87
41 90 94
41 91 2
42 43 54
42 44 45
42 45 58
42 46 88
42 47 95
42 48 98
42 49 26
42 50 90
42 51 31
42 52 24
42 53 97
42 54 93
42 55 53
42 56 73
42 57 9
42 58 81
42 59 70
42 60 58
42 61 19
42 62 23
42 63 68
42 64 51
42 65 32
42 66 31
42 67 42
42 68 9
42 69 61
42 70 8
42 71 71
42 72 6
42 73 58
42 74 70
42 75 32
42 76 17
42 77 46
42 78 41
42 79 84
42 80 24
42 81 33
42 82 95
42 83 10
42 84 8
42 85 57
42 86 66
42 87 7
42 88 79
42 89 58
42 90 48
42 91 80
43 44 25
43 45 12
43 46 37
43 47 31
43 48 75
43 49 70
43 50 61
43 51 27
43 52 65
43 53 39
43 54 64
43 55 79
43 56 94
43 57 61
43 58 6
43 59 75
43 60 68
43 61 28
43 62 4
43 63 1
43 64 7
43 65 81
43 66 53
43 67 69
43 68 76
43 69 51
43 70 20
43 71 16
43 72 80
43 73 65
43 74 56
43 75 24
43 76 1
43 77 82
43 78 47
43 79 46
43 80 70
43 81 79
43 82 49
43 83 72
43 84 66
43 85 18
43 86 1
43 87 22
43 88 83
43 89 22
43 90 28
43 91 79
44 45 95
44 46 41
44 47 27
44 48 74
44 49 13
44 50 52
44 51 100
44 52 23
44 53 40
44 54 89
44 55 73
44 56 4
44 57 60
44 58 89
44 59 66
44 60 45
44 61 74
44 62 43
44 63 78
44 64 74
44 65 1
44 66 41
44 67 0
44 68 36
44 69 0
44 70 47
44 71 94
44 72 70
44 73 73
44 74 44
44 75 4
44 76 29
44 77 11
44 78 81
44 79 84
44 80 44
44 81 3
44 82 5
44 83 80
44 84 61
44 85 88
44 86 59
44 87 22
44 88 23
44 89 95
44 90 4
44 91 47
45 46 99
45 47 76
45 48 18
45 49 98
45 50 25
45 51 4
45 52 87
45 53 96
45 54 69
45 55 71
45 56 40
45 57 94
45 58 62
45 59 85
45 60 50
45 61 33
45 62 76
45 63 35
45 64 55
45 65 17
45 66 94
45 67 51
45 68 27
45 69 97
45 70 79
45 71 78
45 72 69
45 73 80
45 74 33
45 75 7
45 76 89
45 77 13
45 78 59
45 79 88
45 80 66
45 81 95
45 82 28
45 83 63
45 84 39
45 85 91
45 86 22
45 87 41
45 88 95
45 89 28
45 90 86
45 91 13
46 47 85
46 48 19
46 49 67
46 50 29
46 51 16
46 52 87
46 53 44
46 54 77
46 55 40
46 56 95
46 57 55
46 58 72
46 59 56
46 60 36
46 61 60
46 62 22
46 63 40
46 64 61
46 65 48
46 66 17
46 67 39
46 68 36
46 69 62
46 70 3
46 71 75
46 72 15
46 73 72
46 74 43
46 75 76
46 76 0
46 77 77
46 78 37
46 79 22
46 80 42
46 81 0
46 82 95
46 83 51
46 84 23
46 85 81
46 86 88
46 87 34
46 88 6
46 89 8
46 90 51
46 91 98
47 48 43
47 49 12
47 50 19
47 51 93
47 52 6
47 53 74
47 54 60
47 55 39
47 56 73
47 57 40
47 58 88
47 59 19
47 60 47
47 61 60
47 62 74
47 63 98
47 64 67
47 65 13
47 66 37
47 67 27
47 68 51
47 69 25
47 70 94
47 71 53
47 72 97
47 73 67
47 74 75
47 75 58
47 76 43
47 77 98
47 78 91
47 79 5
47 80 92
47 81 29
47 82 17
47 83 26
47 84 13
47 85 55
47 86 14
47 87 29
47 88 91
47 89 12
47 90 69
47 91 40
48 49 9
48 50 60
48 51 28
48 52 35
48 53 29
48 54 44
48 55 59
48 56 63
48 57 2
48 58 43
48 59 83
48 60 85
48 61 3
48 62 15
48 63 4
48 64 91
48 65 72
48 66 8
48 67 40
48 68 44
48 69 79
48 70 70
48 71 61
48 72 69
48 73 19
48 74 14
48 75 23
48 76 80
48 77 91
48 78 58
48 79 57
48 80 13
48 81 26
48 82 11
48 83 18
48 84 45
48 85 15
48 86 8
48 87 65
48 88 0
48 89 84
48 90 78
48 91 14
49 50 47
49 51 4
49 52 38
49 53 19
49 54 43
49 55 6
49 56 60
49 57 18
49 58 7
49 59 67
49 60 8
49 61 39
49 62 68
49 63 3
49 64 57
49 65 66
49 66 48
49 67 72
49 68 80
49 69 73
49 70 73
49 71 65
49 72 79
49 73 79
49 74 48
49 75 67
49 76 60
49 77 73
49 78 74
49 79 83
49 80 98
49 81 21
49 82 25
49 83 54
49 84 83
49 85 99
49 86 96
49 87 95
49 88 19
49 89 91
49 90 31
49 91 6
50 51 63
50 52 59
50 53 17
50 54 32
50 55 93
50 56 66
50 57 93
50 58 87
50 59 83
50 60 1
50 61 60
50 62 92
50 63 30
50 64 73
50 65 87
50 66 75
50 67 54
50 68 97
50 69 25
50 70 20
50 71 12
50 72 40
50 73 84
50 74 28
50 75 13
50 76 81
50 77 11
50 78 40
50 79 10
50 80 61
50 81 81
50 82 25
50 83 69
50 84 26
50 85 98
50 86 6
50 87 32
50 88 37
50 89 95
50 90 72
50 91 5
51 52 94
51 53 49
51 54 91
51 55 70
51 56 42
51 57 22
51 58 83
51 59 97
51 60 67
51 61 64
51 62 17
51 63 25
51 64 93
51 65 99
51 66 31
51 67 84
51 68 38
51 69 28
51 70 22
51 71 84
51 72 83
51 73 73
51 74 17
51 75 75
51 76 30
51 77 70
51 78 97
51 79 40
51 80 52
51 81 73
51 82 51
51 83 97
51 84 30
51 85 4
51 86 3
51 87 5
51 88 27
51 89 66
51 90 78
51 91 33
52 53 13
52 54 1
52 55 7
52 56 6
52 57 61
52 58 61
52 59 89
52 60 74
52 61 15
52 62 53
52 63 66
52 64 43
52 65 44
52 66 4
52 67 71
52 68 26
52 69 68
52 70 73
52 71 8
52 72 68
52 73 46
52 74 67
52 75 90
52 76 90
52 77 32
52 78 87
52 79 78
52 80 41
52 81 62
52 82 87
52 83 100
52 84 18
52 85 71
52 86 95
52 87 75
52 88 32
52 89 33
52 90 68
52 91 11
53 54 23
53 55 43
53 56 59
53 57 17
53 58 34
53 59 26
53 60 56
53 61 27
53 62 50
53 63 78
53 64 12
53 65 66
53 66 40
53 67 33
53 68 16
53 69 66
53 70 6
53 71 2
53 72 49
53 73 27
53 74 22
53 75 28
53 76 50
53 77 1
53 78 33
53 79 49
53 80 69
53 81 96
53 82 84
53 83 57
53 84 7
53 85 52
53 86 94
53 87 64
53 88 95
53 89 32
53 90 75
53 91 39
54 55 65
54 56 53
54 57 61
54 58 52
54 59 1
54 60 44
54 61 18
54 62 68
54 63 20
54 64 94
54 65 38
54 66 13
54 67 96
54 68 77
54 69 28
54 70 83
54 71 82
54 72 88
54 73 6
54 74 38
54 75 70
54 76 4
54 77 12
54 78 99
54 79 84
54 80 45
54 81 93
54 82 69
54 83 62
54 84 88
54 85 6
54 86 74
54 87 51
54 88 90
54 89 61
54 90 79
54 91 52
55 56 37
55 57 70
55 58 3
55 59 51
55 60 58
55 61 72
55 62 91
55 63 10
55 64 47
55 65 51
55 66 14
55 67 96
55 68 74
55 69 86
55 70 45
55 71 27
55 72 6
55 73 44
55 74 18
55 75 12
55 76 57
55 77 9
55 78 38
55 79 47
55 80 64
55 81 57
55 82 51
55 83 89
55 84 98
55 85 30
55 86 84
55 87 29
55 88 10
55 89 98
55 90 71
55 91 16
56 57 84
56 58 22
56 59 35
56 60 64
56 61 16
56 62 99
56 63 61
56 64 87
56 65 57
56 66 12
56 67 25
56 68 32
56 69 41
56 70 42
56 71 83
56 72 78
56 73 48
56 74 34
56 75 97
56 76 84
56 77 32
56 78 48
56 79 87
56 80 63
56 81 61
56 82 55
56 83 68
56 84 29
56 85 55
56 86 76
56 87 0
56 88 28
56 89 100
56 90 84
56 91 61
57 58 90
57 59 57
57 60 60
57 61 39
57 62 68
57 63 47
57 64 11
57 65 94
57 66 25
57 67 23
57 68 48
57 69 54
57 70 59
57 71 68
57 72 14
57 73 53
57 74 51
57 75 79
57 76 48
57 77 17
57 78 84
57 79 71
57 80 13
57 81 64
57 82 36
57 83 35
57 84 63
57 85 72
57 86 40
57 87 59
57 88 88
57 89 37
57 90 6
57 91 31
58 59 12
58 60 0
58 61 49
58 62 0
58 63 92
58 64 33
58 65 91
58 66 92
58 67 49
58 68 74
58 69 60
58 70 95
58 71 10
58 72 7
58 73 93
58 74 14
58 75 88
58 76 19
58 77 57
58 78 29
58 79 37
58 80 46
58 81 1
58 82 25
58 83 33
58 84 41
58 85 97
58 86 67
58 87 13
58 88 0
58 89 91
58 90 77
58 91 60
59 60 82
59 61 81
59 62 29
59 63 57
59 64 47
59 65 33
59 66 88
59 67 5
59 68 97
59 69 92
59 70 39
59 71 68
59 72 49
59 73 28
59 74 7
59 75 52
59 76 93
59 77 54
59 78 42
59 79 18
59 80 26
59 81 90
59 82 94
59 83 8
59 84 41
59 85 93
59 86 33
59 87 44
59 88 93
59 89 81
59 90 87
59 91 73
60 61 33
60 62 45
60 63 5
60 64 29
60 65 4
60 66 40
60 67 68
60 68 21
60 69 76
60 70 53
60 71 79
60 72 53
60 73 89
60 74 78
60 75 14
60 76 94
60 77 79
60 78 86
60 79 51
60 80 74
60 81 2
60 82 68
60 83 4
60 84 82
60 85 47
60 86 78
60 87 42
60 88 51
60 89 23
60 90 64
60 91 64
61 62 11
61 63 25
61 64 94
61 65 95
61 66 19
61 67 84
61 68 83
61 69 96
61 70 67
61 71 69
61 72 71
61 73 14
61 74 54
61 75 91
61 76 69
61 77 20
61 78 18
61 79 100
61 80 100
61 81 93
61 82 66
61 83 7
61 84 93
61 85 57
61 86 97
61 87 80
61 88 6
61 89 48
61 90 1
61 91 41
62 63 70
62 64 96
62 65 47
62 66 79
62 67 29
62 68 62
62 69 54
62 70 58
62 71 52
62 72 81
62 73 24
62 74 54
62 75 31
62 76 2
62 77 34
62 78 10
62 79 78
62 80 18
62 81 17
62 82 71
62 83 48
62 84 94
62 85 35
62 86 91
62 87 100
62 88 82
62 89 7
62 90 18
62 91 86
63 64 76
63 65 81
63 66 19
63 67 54
63 68 92
63 69 12
63 70 33
63 71 24
63 72 63
63 73 17
63 74 62
63 75 93
63 76 0
63 77 28
63 78 58
63 79 35
63 80 85
63 81 2
63 82 30
63 83 3
63 84 72
63 85 55
63 86 71
63 87 16
63 88 31
63 89 32
63 90 11
63 91 47
64 65 43
64 66 26
64 67 58
64 68 22
64 69 77
64 70 17
64 71 59
64 72 15
64 73 30
64 74 60
64 75 24
64 76 24
64 77 89
64 78 66
64 79 45
64 80 15
64 81 30
64 82 25
64 83 68
64 84 72
64 85 10
64 86 95
64 87 34
64 88 14
64 89 54
64 90 98
64 91 53
65 66 37
65 67 22
65 68 66
65 69 2
65 70 98
65 71 36
65 72 6
65 73 26
65 74 83
65 75 77
65 76 43
65 77 47
65 78 89
65 79 4
65 80 58
65 81 57
65 82 29
65 83 56
65 84 0
65 85 34
65 86 47
65 87 89
65 88 40
65 89 76
65 90 95
65 91 83
66 67 50
66 68 43
66 69 43
66 70 63
66 71 75
66 72 71
66 73 76
66 74 45
66 75 45
66 76 41
66 77 30
66 78 58
66 79 76
66 80 35
66 81 2
66 82 83
66 83 86
66 84 1
66 85 11
66 86 90
66 87 47
66 88 42
66 89 75
66 90 52
66 91 14
67 68 43
67 69 55
67 70 56
67 71 91
67 72 95
67 73 5
67 74 20
67 75 20
67 76 23
67 77 53
67 78 96
67 79 81
67 80 94
67 81 83
67 82 85
67 83 85
67 84 13
67 85 48
67 86 78
67 87 14
67 88 31
67 89 29
67 90 45
67 91 89
68 69 54
68 70 28
68 71 73
68 72 36
68 73 77
68 74 69
68 75 69
68 76 59
68 77 4
68 78 1
68 79 19
68 80 14
68 81 75
68 82 59
68 83 100
68 84 25
68 85 96
68 86 99
68 87 46
68 88 96
68 89 82
68 90 12
68 91 2
69 70 73
69 71 43
69 72 1
69 73 35
69 74 34
69 75 51
69 76 85
69 77 1
69 78 60
69 79 34
69 80 22
69 81 9
69 82 58
69 83 32
69 84 2
69 85 31
69 86 62
69 87 9
69 88 22
69 89 97
69 90 49
69 91 83
70 71 41
70 72 27
70 73 71
70 74 17
70 75 50
70 76 56
70 77 6
70 78 8
70 79 38
70 80 89
70 81 95
70 82 88
70 83 14
70 84 48
70 85 17
70 86 30
70 87 35
70 88 26
70 89 56
70 90 61
70 91 88
71 72 87
71 73 1
71 74 50
71 75 26
71 76 65
71 77 16
71 78 98
71 79 92
71 80 26
71 81 100
71 82 29
71 83 64
71 84 83
71 85 11
71 86 18
71 87 62
71 88 95
71 89 1
71 90 46
71 91 29
72 73 84
72 74 36
72 75 69
72 76 37
72 77 29
72 78 26
72 79 18
72 80 13
72 81 69
72 82 81
72 83 80
72 84 6
72 85 77
72 86 88
72 87 82
72 88 72
72 89 46
72 90 86
72 91 93
73 74 35
73 75 34
73 76 75
73 77 91
73 78 53
73 79 66
73 80 23
73 81 30
73 82 58
73 83 39
73 84 44
73 85 33
73 86 78
73 87 78
73 88 77
73 89 88
73 90 35
73 91 21
74 75 62
74 76 63
74 77 54
74 78 57
74 79 73
74 80 86
74 81 10
74 82 84
74 83 10
74 84 61
74 85 78
74 86 35
74 87 41
74 88 81
74 89 90
74 90 44
74 91 54
75 76 62
75 77 55
75 78 70
75 79 42
75 80 62
75 81 28
75 82 65
75 83 58
75 84 69
75 85 41
75 86 80
75 87 58
75 88 80
75 89 61
75 90 11
75 91 45
76 77 84
76 78 84
76 79 70
76 80 14
76 81 9
76 82 86
76 83 97
76 84 30
76 85 4
76 86 83
76 87 5
76 88 39
76 89 56
76 90 0
76 91 30
77 78 70
77 79 68
77 80 65
77 81 76
77 82 3
77 83 39
77 84 78
77 85 74
77 86 27
77 87 15
77 88 55
77 89 33
77 90 37
77 91 28
78 79 30
78 80 4
78 81 26
78 82 7
78 83 70
78 84 48
78 85 21
78 86 95
78 87 6
78 88 45
78 89 6
78 90 3
78 91 24
79 80 54
79 81 12
79 82 47
79 83 50
79 84 86
79 85 47
79 86 39
79 87 44
79 88 10
79 89 67
79 90 41
79 91 13
80 81 62
80 82 36
80 83 56
80 84 75
80 85 51
80 86 82
80 87 87
80 88 47
80 89 15
80 90 22
80 91 61
81 82 50
81 83 93
81 84 95
81 85 88
81 86 77
81 87 83
81 88 93
81 89 65
81 90 41
81 91 14
82 83 13
82 84 25
82 85 11
82 86 65
82 87 58
82 88 0
82 89 100
82 90 69
82 91 32
83 84 68
83 85 40
83 86 94
83 87 99
83 88 8
83 89 94
83 90 0
83 91 84
84 85 56
84 86 39
84 87 19
84 88 66
84 89 11
84 90 64
84 91 80
85 86 74
85 87 72
85 88 40
85 89 86
85 90 66
85 91 61
86 87 54
86 88 42
86 89 63
86 90 75
86 91 8
87 88 16
87 89 38
87 90 100
87 91 35
88 89 79
88 90 91
88 91 17
89 90 16
89 91 71
90 91 58
