93 4278
1 2 79
1 3 79
1 4 85
1 5 74
1 6 10
1 7 56
1 8 75
1 9 88
1 10 52
1 11 31
1 12 81
1 13 59
1 14 34
1 15 90
1 16 34
1 17 23
1 18 89
1 19 63
1 20 51
1 21 43
1 22 42
1 23 86
1 24 45
1 25 13
1 26 53
1 27 4
1 28 11
1 29 24
1 30 54
1 31 97
1 32 91
1 33 91
1 34 61
1 35 29
1 36 53
1 37 39
1 38 86
1 39 98
1 40 79
1 41 63
1 42 24
1 43 7
1 44 18
1 45 32
1 46 18
1 47 17
1 48 9
1 49 13
1 50 100
1 51 69
1 52 19
1 53 34
1 54 20
1 55 95
1 56 57
1 57 26
1 58 11
1 59 32
1 60 39
1 61 51
1 62 5
1 63 83
1 64 11
1 65 83
1 66 29
1 67 49
1 68 67
1 69 26
1 70 54
1 71 74
1 72 61
1 73 58
1 74 97
1 75 97
1 76 71
1 77 4
1 78 78
1 79 87
1 80 75
1 81 41
1 82 0
1 83 76
1 84 44
1 85 21
1 86 97
1 87 7
1 88 33
1 89 100
1 90 65
1 91 69
1 92 44
1 93 19
2 3 15
2 4 47
2 5 58
2 6 69
2 7 8
2 8 91
2 9 14
2 10 88
2 11 58
2 12 39
2 13 85
2 14 28
2 15 21
2 16 39
2 17 40
2 18 20
2 19 6
2 20 42
2 21 84
2 22 34
2 23 53
2 24 25
2 25 89
2 26 23
2 27 75
2 28 52
2 29 35
2 30 57
2 31 90
2 32 19
2 33 65
2 34 32
2 35 29
2 36 67
2 37 58
2 38 87
2 39 9
2 40 94
2 41 37
2 42 89
2 43 93
2 44 14
2 45 55
2 46 12
2 47 0
2 48 0
2 49 9
2 50 39
2 51 31
2 52 5
2 53 64
2 54 64
2 55 14
2 56 99
2 57 49
2 58 40
2 59 92
2 60 39
2 61 76
2 62 79
2 63 68
2 64 52
2 65 14
2 66 57
2 67 1
2 68 45
2 69 17
2 70 79
2 71 45
2 72 100
2 73 91
2 74 50
2 75 46
2 76 51
2 77 21
2 78 91
2 79 61
2 80 65
2 81 52
2 82 27
2 83 77
2 84 17
2 85 7
2 86 63
2 87 32
2 88 91
2 89 35
2 90 97
2 91 51
2 92 47
2 93 71
3 4 73
3 5 56
3 6 11
3 7 85
3 8 41
3 9 13
3 10 82
3 11 91
3 12 98
3 13 67
3 14 12
3 15 89
3 16 57
3 17 19
3 18 56
3 19 37
3 20 89
3 21 9
3 22 42
3 23 75
3 24 84
3 25 35
3 26 43
3 27 74
3 28 20
3 29 71
3 30 24
3 31 40
3 32 84
3 33 1
3 34 96
3 35 44
3 36 6
3 37 32
3 38 90
3 39 9
3 40 47
3 41 91
3 42 38
3 43 4
3 44 26
3 45 15
3 46 81
3 47 65
3 48 31
3 49 71
3 50 64
3 51 56
3 52 38
3 53 72
3 54 22
3 55 88
3 56 29
3 57 13
3 58 46
3 59 16
3 60 77
3 61 20
3 62 43
3 63 59
3 64 65
3 65 20
3 66 94
3 67 49
3 68 55
3 69 62
3 70 57
3 71 56
3 72 32
3 73 5
3 74 20
3 75 82
3 76 71
3 77 25
3 78 81
3 79 39
3 80 33
3 81 52
3 82 13
3 83 80
3 84 72
3 85 21
3 86 16
3 87 51
3 88 70
3 89 12
3 90 30
3 91 89
3 92 8
3 93 64
4 5 9
4 6 59
4 7 94
4 8 1
4 9 40
4 10 30
4 11 38
4 12 40
4 13 18
4 14 97
4 15 81
4 16 40
4 17 8
4 18 81
4 19 75
4 20 63
4 21 91
4 22 96
4 23 29
4 24 49
4 25 15
4 26 3
4 27 49
4 28 37
4 29 78
4 30 96
4 31 34
4 32 68
4 33 65
4 34 64
4 35 9
4 36 91
4 37 100
4 38 38
4 39 61
4 40 65
4 41 18
4 42 18
4 43 87
4 44 2
4 45 47
4 46 44
4 47 99
4 48 86
4 49 27
4 50 12
4 51 23
4 52 76
4 53 64
4 54 6
4 55 76
4 56 24
4 57 82
4 58 46
4 59 81
4 60 34
4 61 5
4 62 16
4 63 99
4 64 1
4 65 85
4 66 91
4 67 38
4 68 21
4 69 98
4 70 13
4 71 52
4 72 68
4 73 96
4 74 14
4 75 70
4 76 80
4 77 86
4 78 86
4 79 42
4 80 73
4 81 43
4 82 83
4 83 60
4 84 7
4 85 25
4 86 69
4 87 21
4 88 63
4 89 5
4 90 65
4 91 82
4 92 65
4 93 9
5 6 65
5 7 27
5 8 49
5 9 36
5 10 99
5 11 20
5 12 52
5 13 26
5 14 70
5 15 23
5 16 59
5 17 10
5 18 84
5 19 25
5 20 79
5 21 68
5 22 49
5 23 63
5 24 68
5 25 27
5 26 57
5 27 93
5 28 94
5 29 64
5 30 1
5 31 63
5 32 61
5 33 72
5 34 33
5 35 70
5 36 54
5 37 67
5 38 49
5 39 99
5 40 74
5 41 97
5 42 69
5 43 92
5 44 28
5 45 50
5 46 73
5 47 78
5 48 93
5 49 20
5 50 36
5 51 16
5 52 12
5 53 65
5 54 52
5 55 83
5 56 15
5 57 48
5 58 13
5 59 95
5 60 53
5 61 78
5 62 26
5 63 89
5 64 30
5 65 84
5 66 46
5 67 67
5 68 90
5 69 94
5 70 51
5 71 24
5 72 69
5 73 62
5 74 60
5 75 44
5 76 81
5 77 43
5 78 46
5 79 46
5 80 31
5 81 25
5 82 43
5 83 48
5 84 24
5 85 31
5 86 70
5 87 1
5 88 54
5 89 36
5 90 71
5 91 41
5 92 32
5 93 96
6 7 57
6 8 58
6 9 97
6 10 31
6 11 16
6 12 23
6 13 92
6 14 67
6 15 41
6 16 86
6 17 28
6 18 68
6 19 93
6 20 54
6 21 31
6 22 41
6 23 31
6 24 84
6 25 99
6 26 72
6 27 59
6 28 53
6 29 67
6 30 87
6 31 3
6 32 65
6 33 34
6 34 65
6 35 35
6 36 30
6 37 20
6 38 45
6 39 69
6 40 53
6 41 12
6 42 54
6 43 30
6 44 37
6 45 44
6 46 92
6 47 22
6 48 98
6 49 70
6 50 20
6 51 100
6 52 100
6 53 30
6 54 83
6 55 53
6 56 6
6 57 62
6 58 80
6 59 62
6 60 22
6 61 79
6 62 68
6 63 43
6 64 77
6 65 49
6 66 60
6 67 10
6 68 8
6 69 67
6 70 28
6 71 30
6 72 47
6 73 93
6 74 0
6 75 74
6 76 39
6 77 3
6 78 23
6 79 97
6 80 96
6 81 69
6 82 35
6 83 67
6 84 34
6 85 39
6 86 79
6 87 23
6 88 38
6 89 4
6 90 35
6 91 32
6 92 73
6 93 43
7 8 26
7 9 71
7 10 75
7 11 16
7 12 53
7 13 56
7 14 73
7 15 5
7 16 69
7 17 18
7 18 93
7 19 13
7 20 30
7 21 32
7 22 10
7 23 11
7 24 61
7 25 52
7 26 91
7 27 6
7 28 74
7 29 3
7 30 8
7 31 47
7 32 55
7 33 63
7 34 14
7 35 60
7 36 86
7 37 86
7 38 57
7 39 4
7 40 100
7 41 33
7 42 13
7 43 73
7 44 25
7 45 44
7 46 81
7 47 75
7 48 9
7 49 92
7 50 68
7 51 85
7 52 86
7 53 40
7 54 5
7 55 65
7 56 99
7 57 82
7 58 85
7 59 7
7 60 76
7 61 20
7 62 93
7 63 74
7 64 49
7 65 27
7 66 49
7 67 21
7 68 53
7 69 15
7 70 55
7 71 6
7 72 92
7 73 71
7 74 22
7 75 66
7 76 41
7 77 65
7 78 22
7 79 58
7 80 57
7 81 35
7 82 83
7 83 11
7 84 29
7 85 28
7 86 24
7 87 89
7 88 88
7 89 82
7 90 67
7 91 55
7 92 90
7 93 98
8 9 51
8 10 74
8 11 24
8 12 9
8 13 48
8 14 81
8 15 93
8 16 71
8 17 74
8 18 93
8 19 22
8 20 74
8 21 45
8 22 43
8 23 24
8 24 38
8 25 82
8 26 84
8 27 43
8 28 67
8 29 19
8 30 51
8 31 50
8 32 66
8 33 87
8 34 62
8 35 67
8 36 79
8 37 7
8 38 6
8 39 62
8 40 63
8 41 14
8 42 83
8 43 40
8 44 98
8 45 72
8 46 88
8 47 35
8 48 31
8 49 83
8 50 53
8 51 3
8 52 71
8 53 74
8 54 59
8 55 90
8 56 7
8 57 11
8 58 8
8 59 27
8 60 70
8 61 77
8 62 49
8 63 48
8 64 52
8 65 60
8 66 68
8 67 38
8 68 85
8 69 52
8 70 89
8 71 4
8 72 42
8 73 28
8 74 63
8 75 80
8 76 45
8 77 20
8 78 18
8 79 7
8 80 3
8 81 21
8 82 19
8 83 79
8 84 1
8 85 51
8 86 82
8 87 63
8 88 13
8 89 67
8 90 6
8 91 53
8 92 10
8 93 44
9 10 98
9 11 36
9 12 19
9 13 2
9 14 83
9 15 91
9 16 76
9 17 66
9 18 83
9 19 81
9 20 42
9 21 20
9 22 82
9 23 11
9 24 74
9 25 72
9 26 3
9 27 29
9 28 17
9 29 63
9 30 30
9 31 75
9 32 14
9 33 7
9 34 25
9 35 27
9 36 34
9 37 1
9 38 92
9 39 11
9 40 20
9 41 19
9 42 17
9 43 3
9 44 36
9 45 61
9 46 23
9 47 96
9 48 55
9 49 57
9 50 69
9 51 46
9 52 13
9 53 52
9 54 52
9 55 69
9 56 73
9 57 42
9 58 71
9 59 79
9 60 17
9 61 57
9 62 94
9 63 38
9 64 5
9 65 70
9 66 20
9 67 16
9 68 46
9 69 44
9 70 92
9 71 64
9 72 16
9 73 51
9 74 72
9 75 39
9 76 48
9 77 22
9 78 3
9 79 34
9 80 15
9 81 70
9 82 39
9 83 87
9 84 69
9 85 10
9 86 50
9 87 32
9 88 84
9 89 2
9 90 1
9 91 95
9 92 58
9 93 97
10 11 52
10 12 57
10 13 71
10 14 39
10 15 59
10 16 60
10 17 81
10 18 33
10 19 52
10 20 11
10 21 40
10 22 7
10 23 72
10 24 70
10 25 46
10 26 97
10 27 78
10 28 24
10 29 38
10 30 24
10 31 63
10 32 3
10 33 54
10 34 86
10 35 45
10 36 89
10 37 35
10 38 67
10 39 44
10 40 44
10 41 33
10 42 23
10 43 15
10 44 57
10 45 53
10 46 87
10 47 32
10 48 70
10 49 61
10 50 23
10 51 56
10 52 26
10 53 22
10 54 48
10 55 6
10 56 72
10 57 33
10 58 99
10 59 94
10 60 17
10 61 49
10 62 74
10 63 10
10 64 99
10 65 37
10 66 8
10 67 6
10 68 33
10 69 45
10 70 94
10 71 1
10 72 26
10 73 46
10 74 81
10 75 47
10 76 83
10 77 40
10 78 3
10 79 55
10 80 0
10 81 97
10 82 99
10 83 37
10 84 56
10 85 26
10 86 97
10 87 31
10 88 46
10 89 10
10 90 77
10 91 61
10 92 8
10 93 14
11 12 43
11 13 39
11 14 61
11 15 48
11 16 19
11 17 58
11 18 54
11 19 88
11 20 34
11 21 47
11 22 42
11 23 6
11 24 67
11 25 38
11 26 30
11 27 91
11 28 68
11 29 46
11 30 83
11 31 39
11 32 10
11 33 84
11 34 25
11 35 2
11 36 0
11 37 100
11 38 85
11 39 98
11 40 15
11 41 57
11 42 74
11 43 11
11 44 62
11 45 35
11 46 71
11 47 90
11 48 94
11 49 27
11 50 76
11 51 60
11 52 43
11 53 82
11 54 17
11 55 18
11 56 70
11 57 79
11 58 90
11 59 56
11 60 77
11 61 13
11 62 17
11 63 96
11 64 73
11 65 86
11 66 96
11 67 70
11 68 44
11 69 84
11 70 76
11 71 0
11 72 13
11 73 8
11 74 94
11 75 40
11 76 66
11 77 84
11 78 4
11 79 73
11 80 9
11 81 20
11 82 26
11 83 3
11 84 1
11 85 37
11 86 88
11 87 96
11 88 66
11 89 18
11 90 46
11 91 26
11 92 92
11 93 9
12 13 29
12 14 26
12 15 40
12 16 98
12 17 84
12 18 88
12 19 27
12 20 94
12 21 12
12 22 96
12 23 35
12 24 57
12 25 60
12 26 99
12 27 41
12 28 9
12 29 39
12 30 90
12 31 67
12 32 25
12 33 79
12 34 71
12 35 64
12 36 6
12 37 71
12 38 25
12 39 30
12 40 66
12 41 34
12 42 60
12 43 49
12 44 63
12 45 54
12 46 28
12 47 0
12 48 37
12 49 32
12 50 38
12 51 32
12 52 55
12 53 71
12 54 31
12 55 83
12 56 9
12 57 47
12 58 75
12 59 88
12 60 18
12 61 90
12 62 51
12 63 90
12 64 4
12 65 8
12 66 43
12 67 6
12 68 76
12 69 22
12 70 39
12 71 100
12 72 4
12 73 17
12 74 35
12 75 83
12 76 96
12 77 77
12 78 50
12 79 62
12 80 89
12 81 76
12 82 97
12 83 80
12 84 81
12 85 91
12 86 34
12 87 88
12 88 64
12 89 7
12 90 27
12 91 74
12 92 89
12 93 97
13 14 19
13 15 40
13 16 5
13 17 46
13 18 49
13 19 0
13 20 95
13 21 58
13 22 43
13 23 61
13 24 92
13 25 89
13 26 72
13 27 26
13 28 80
13 29 85
13 30 19
13 31 28
13 32 54
13 33 4
13 34 64
13 35 99
13 36 22
13 37 49
13 38 86
13 39 37
13 40 94
13 41 6
13 42 56
13 43 74
13 44 28
13 45 76
13 46 52
13 47 38
13 48 94
13 49 23
13 50 99
13 51 74
13 52 10
13 53 98
13 54 19
13 55 90
13 56 43
13 57 84
13 58 66
13 59 13
13 60 25
13 61 41
13 62 19
13 63 62
13 64 26
13 65 21
13 66 18
13 67 84
13 68 1
13 69 24
13 70 46
13 71 43
13 72 48
13 73 26
13 74 16
13 75 6
13 76 17
13 77 56
13 78 8
13 79 12
13 80 64
13 81 78
13 82 9
13 83 89
13 84 32
13 85 78
13 86 58
13 87 65
13 88 46
13 89 53
13 90 40
13 91 28
13 92 22
13 93 62
14 15 54
14 16 55
14 17 32
14 18 72
14 19 81
14 20 56
14 21 39
14 22 82
14 23 64
14 24 46
14 25 71
14 26 11
14 27 16
14 28 45
14 29 85
14 30 73
14 31 12
14 32 99
14 33 18
14 34 31
14 35 4
14 36 75
14 37 75
14 38 3
14 39 86
14 40 89
14 41 85
14 42 82
14 43 86
14 44 97
14 45 79
14 46 9
14 47 92
14 48 95
14 49 3
14 50 93
14 51 58
14 52 66
14 53 91
14 54 98
14 55 7
14 56 34
14 57 6
14 58 75
14 59 18
14 60 1
14 61 66
14 62 13
14 63 18
14 64 16
14 65 10
14 66 92
14 67 64
14 68 38
14 69 67
14 70 28
14 71 93
14 72 15
14 73 92
14 74 38
14 75 19
14 76 58
14 77 73
14 78 28
14 79 9
14 80 49
14 81 96
14 82 80
14 83 19
14 84 35
14 85 92
14 86 18
14 87 8
14 88 68
14 89 10
14 90 61
14 91 3
14 92 20
14 93 68
15 16 12
15 17 53
15 18 33
15 19 29
15 20 79
15 21 69
15 22 99
15 23 14
15 24 75
15 25 2
15 26 37
15 27 34
15 28 34
15 29 31
15 30 89
15 31 53
15 32 37
15 33 12
15 34 85
15 35 27
15 36 48
15 37 92
15 38 56
15 39 85
15 40 17
15 41 52
15 42 87
15 43 51
15 44 85
15 45 18
15 46 38
15 47 76
15 48 75
15 49 10
15 50 54
15 51 78
15 52 7
15 53 32
15 54 29
15 55 38
15 56 7
15 57 38
15 58 84
15 59 42
15 60 98
15 61 10
15 62 32
15 63 3
15 64 85
15 65 1
15 66 0
15 67 1
15 68 52
15 69 95
15 70 41
15 71 32
15 72 45
15 73 46
15 74 32
15 75 26
15 76 66
15 77 10
15 78 7
15 79 73
15 80 64
15 81 28
15 82 17
15 83 72
15 84 3
15 85 65
15 86 3
15 87 37
15 88 21
15 89 23
15 90 54
15 91 63
15 92 57
15 93 50
16 17 1
16 18 92
16 19 75
16 20 43
16 21 33
16 22 31
16 23 16
16 24 0
16 25 29
16 26 23
16 27 78
16 28 99
16 29 51
16 30 18
16 31 59
16 32 66
16 33 53
16 34 52
16 35 61
16 36 62
16 37 57
16 38 18
16 39 84
16 40 48
16 41 61
16 42 85
16 43 21
16 44 38
16 45 18
16 46 37
16 47 49
16 48 51
16 49 9
16 50 99
16 51 58
16 52 15
16 53 5
16 54 59
16 55 16
16 56 21
16 57 100
16 58 55
16 59 37
16 60 37
16 61 90
16 62 1
16 63 34
16 64 40
16 65 22
16 66 0
16 67 31
16 68 54
16 69 2
16 70 26
16 71 34
16 72 43
16 73 36
16 74 98
16 75 46
16 76 88
16 77 81
16 78 10
16 79 47
16 80 56
16 81 48
16 82 30
16 83 46
16 84 14
16 85 17
16 86 4
16 87 39
16 88 21
16 89 45
16 90 18
16 91 24
16 92 83
16 93 60
17 18 62
17 19 45
17 20 53
17 21 83
17 22 56
17 23 47
17 24 26
17 25 6
17 26 8
17 27 37
17 28 1
17 29 47
17 30 41
17 31 14
17 32 22
17 33 26
17 34 58
17 35 16
17 36 53
17 37 26
17 38 52
17 39 19
17 40 3
17 41 32
17 42 77
17 43 10
17 44 36
17 45 44
17 46 97
17 47 88
17 48 46
17 49 91
17 50 2
17 51 38
17 52 11
17 53 8
17 54 40
17 55 34
17 56 84
17 57 58
17 58 15
17 59 32
17 60 13
17 61 30
17 62 23
17 63 74
17 64 24
17 65 91
17 66 2
17 67 55
17 68 46
17 69 25
17 70 44
17 71 64
17 72 27
17 73 71
17 74 13
17 75 66
17 76 88
17 77 37
17 78 32
17 79 71
17 80 15
17 81 49
17 82 58
17 83 18
17 84 72
17 85 9
17 86 58
17 87 91
17 88 6
17 89 43
17 90 97
17 91 75
17 92 35
17 93 2
18 19 57
18 20 56
18 21 98
18 22 51
18 23 7
18 24 36
18 25 13
18 26 88
18 27 83
18 28 56
18 29 93
18 30 74
18 31 58
18 32 75
18 33 82
18 34 99
18 35 23
18 36 60
18 37 70
18 38 4
18 39 80
18 40 20
18 41 35
18 42 50
18 43 10
18 44 71
18 45 15
18 46 31
18 47 3
18 48 45
18 49 33
18 50 95
18 51 56
18 52 12
18 53 64
18 54 70
18 55 70
18 56 65
18 57 95
18 58 15
18 59 15
18 60 53
18 61 27
18 62 77
18 63 64
18 64 35
18 65 16
18 66 95
18 67 97
18 68 86
18 69 28
18 70 47
18 71 5
18 72 44
18 73 7
18 74 29
18 75 93
18 76 82
18 77 63
18 78 69
18 79 33
18 80 16
18 81 77
18 82 87
18 83 54
18 84 100
18 85 61
18 86 54
18 87 99
18 88 100
18 89 54
18 90 5
18 91 24
18 92 85
18 93 71
19 20 72
19 21 83
19 22 95
19 23 6
19 24 95
19 25 43
19 26 13
19 27 93
19 28 42
19 29 75
19 30 43
19 31 27
19 32 87
19 33 88
19 34 13
19 35 37
19 36 89
19 37 84
19 38 50
19 39 88
19 40 86
19 41 86
19 42 58
19 43 49
19 44 5
19 45 50
19 46 61
19 47 57
19 48 15
19 49 30
19 50 7
19 51 31
19 52 0
19 53 57
19 54 24
19 55 100
19 56 73
19 57 41
19 58 6
19 59 31
19 60 39
19 61 50
19 62 77
19 63 79
19 64 13
19 65 47
19 66 32
19 67 5
19 68 18
19 69 75
19 70 2
19 71 98
19 72 10
19 73 96
19 74 21
19 75 6
19 76 89
19 77 1
19 78 28
19 79 25
19 80 93
19 81 82
19 82 84
19 83 1
19 84 79
19 85 0
19 86 11
19 87 75
19 88 94
19 89 48
19 90 66
19 91 71
19 92 22
19 93 42
20 21 38
20 22 65
20 23 16
20 24 73
20 25 78
20 26 25
20 27 39
20 28 38
20 29 35
20 30 18
20 31 57
20 32 63
20 33 31
20 34 91
20 35 30
20 36 48
20 37 8
20 38 61
20 39 83
20 40 65
20 41 34
20 42 98
20 43 62
20 44 73
20 45 13
20 46 72
20 47 56
20 48 15
20 49 35
20 50 82
20 51 45
20 52 55
20 53 63
20 54 74
20 55 57
20 56 49
20 57 79
20 58 5
20 59 54
20 60 66
20 61 52
20 62 82
20 63 5
20 64 46
20 65 93
20 66 95
20 67 95
20 68 26
20 69 34
20 70 86
20 71 88
20 72 26
20 73 5
20 74 56
20 75 15
20 76 100
20 77 59
20 78 11
20 79 5
20 80 23
20 81 38
20 82 14
20 83 31
20 84 86
20 85 8
20 86 51
20 87 98
20 88 94
20 89 38
20 90 88
20 91 42
20 92 15
20 93 4
21 22 0
21 23 73
21 24 51
21 25 11
21 26 0
21 27 19
21 28 12
21 29 1
21 30 45
21 31 74
21 32 74
21 33 76
21 34 85
21 35 11
21 36 5
21 37 53
21 38 4
21 39 14
21 40 75
21 41 46
21 42 28
21 43 18
21 44 84
21 45 8
21 46 4
21 47 18
21 48 57
21 49 49
21 50 54
21 51 33
21 52 91
21 53 30
21 54 76
21 55 97
21 56 86
21 57 1
21 58 98
21 59 29
21 60 11
21 61 27
21 62 89
21 63 27
21 64 81
21 65 15
21 66 72
21 67 75
21 68 81
21 69 5
21 70 35
21 71 86
21 72 39
21 73 86
21 74 87
21 75 77
21 76 51
21 77 20
21 78 86
21 79 93
21 80 31
21 81 87
21 82 37
21 83 39
21 84 37
21 85 66
21 86 16
21 87 88
21 88 19
21 89 75
21 90 18
21 91 50
21 92 96
21 93 33
22 23 84
22 24 73
22 25 30
22 26 54
22 27 24
22 28 67
22 29 5
22 30 84
22 31 13
22 32 98
22 33 22
22 34 33
22 35 91
22 36 69
22 37 91
22 38 28
22 39 81
22 40 57
22 41 34
22 42 5
22 43 19
22 44 43
22 45 48
22 46 2
22 47 86
22 48 60
22 49 2
22 50 26
22 51 94
22 52 95
22 53 15
22 54 32
22 55 7
22 56 53
22 57 24
22 58 9
22 59 88
22 60 16
22 61 58
22 62 95
22 63 1
22 64 80
22 65 94
22 66 16
22 67 98
22 68 29
22 69 81
22 70 74
22 71 84
22 72 67
22 73 76
22 74 85
22 75 52
22 76 81
22 77 65
22 78 3
22 79 89
22 80 80
22 81 58
22 82 64
22 83 7
22 84 64
22 85 25
22 86 12
22 87 31
22 88 47
22 89 44
22 90 49
22 91 86
22 92 65
22 93 37
23 24 24
23 25 37
23 26 57
23 27 50
23 28 61
23 29 30
23 30 9
23 31 65
23 32 61
23 33 93
23 34 61
23 35 74
23 36 22
23 37 31
23 38 82
23 39 66
23 40 75
23 41 45
23 42 68
23 43 38
23 44 16
23 45 89
23 46 79
23 47 36
23 48 75
23 49 36
23 50 13
23 51 20
23 52 90
23 53 93
23 54 67
23 55 73
23 56 21
23 57 53
23 58 9
23 59 74
23 60 1
23 61 14
23 62 27
23 63 10
23 64 63
23 65 85
23 66 29
23 67 50
23 68 55
23 69 85
23 70 88
23 71 41
23 72 64
23 73 82
23 74 42
23 75 3
23 76 59
23 77 7
23 78 30
23 79 100
23 80 0
23 81 63
23 82 72
23 83 56
23 84 46
23 85 14
23 86 3
23 87 43
23 88 69
23 89 46
23 90 73
23 91 73
23 92 0
23 93 78
24 25 60
24 26 78
24 27 64
24 28 86
24 29 35
24 30 26
24 31 24
24 32 94
24 33 42
24 34 92
24 35 37
24 36 36
24 37 28
24 38 62
24 39 34
24 40 75
24 41 44
24 42 63
24 43 51
24 44 46
24 45 55
24 46 24
24 47 44
24 48 23
24 49 51
24 50 20
24 51 45
24 52 5
24 53 37
24 54 31
24 55 70
24 56 37
24 57 80
24 58 77
24 59 29
24 60 43
24 61 10
24 62 97
24 63 23
24 64 92
24 65 2
24 66 61
24 67 2
24 68 36
24 69 76
24 70 48
24 71 66
24 72 6
24 73 79
24 74 79
24 75 12
24 76 8
24 77 93
24 78 22
24 79 22
24 80 36
24 81 91
24 82 87
24 83 29
24 84 12
24 85 42
24 86 37
24 87 38
24 88 13
24 89 91
24 90 51
24 91 82
24 92 2
24 93 32
25 26 60
25 27 8
25 28 12
25 29 37
25 30 96
25 31 89
25 32 24
25 33 38
25 34 67
25 35 67
25 36 90
25 37 14
25 38 99
25 39 90
25 40 74
25 41 29
25 42 34
25 43 24
25 44 35
25 45 97
25 46 96
25 47 11
25 48 68
25 49 63
25 50 45
25 51 96
25 52 66
25 53 34
25 54 86
25 55 57
25 56 8
25 57 29
25 58 29
25 59 29
25 60 19
25 61 31
25 62 18
25 63 4
25 64 95
25 65 37
25 66 12
25 67 2
25 68 55
25 69 66
25 70 91
25 71 77
25 72 59
25 73 48
25 74 100
25 75 31
25 76 22
25 77 20
25 78 24
25 79 87
25 80 70
25 81 76
25 82 30
25 83 9
25 84 38
25 85 13
25 86 71
25 87 54
25 88 78
25 89 100
25 90 13
25 91 91
25 92 81
25 93 82
26 27 92
26 28 21
26 29 27
26 30 49
26 31 83
26 32 64
26 33 18
26 34 30
26 35 38
26 36 65
26 37 59
26 38 8
26 39 35
26 40 8
26 41 12
26 42 17
26 43 60
26 44 42
26 45 71
26 46 26
26 47 29
26 48 43
26 49 37
26 50 83
26 51 14
26 52 14
26 53 67
26 54 9
26 55 67
26 56 76
26 57 96
26 58 87
26 59 75
26 60 15
26 61 43
26 62 29
26 63 59
26 64 11
26 65 95
26 66 68
26 67 58
26 68 88
26 69 40
26 70 93
26 71 3
26 72 16
26 73 24
26 74 10
26 75 71
26 76 83
26 77 23
26 78 64
26 79 76
26 80 37
26 81 44
26 82 58
26 83 62
26 84 76
26 85 88
26 86 30
26 87 69
26 88 11
26 89 99
26 90 80
26 91 66
26 92 90
26 93 22
27 28 68
27 29 26
27 30 64
27 31 43
27 32 84
27 33 68
27 34 70
27 35 12
27 36 98
27 37 63
27 38 49
27 39 54
27 40 69
27 41 15
27 42 43
27 43 10
27 44 89
27 45 79
27 46 64
27 47 72
27 48 47
27 49 30
27 50 29
27 51 56
27 52 35
27 53 90
27 54 100
27 55 66
27 56 31
27 57 40
27 58 33
27 59 80
27 60 91
27 61 66
27 62 23
27 63 27
27 64 50
27 65 79
27 66 44
27 67 1
27 68 16
27 69 88
27 70 3
27 71 51
27 72 50
27 73 68
27 74 9
27 75 67
27 76 18
27 77 13
27 78 85
27 79 60
27 80 92
27 81 57
27 82 39
27 83 9
27 84 75
27 85 69
27 86 92
27 87 51
27 88 81
27 89 45
27 90 21
27 91 66
27 92 94
27 93 6
28 29 25
28 30 6
28 31 60
28 32 27
28 33 66
28 34 95
28 35 27
28 36 56
28 37 72
28 38 47
28 39 92
28 40 52
28 41 34
28 42 41
28 43 30
28 44 41
28 45 100
28 46 92
28 47 64
28 48 36
28 49 77
28 50 62
28 51 70
28 52 83
28 53 100
28 54 42
28 55 95
28 56 82
28 57 43
28 58 20
28 59 88
28 60 16
28 61 84
28 62 9
28 63 11
28 64 2
28 65 22
28 66 50
28 67 19
28 68 10
28 69 84
28 70 94
28 71 57
28 72 40
28 73 3
28 74 64
28 75 68
28 76 7
28 77 85
28 78 94
28 79 22
28 80 9
28 81 54
28 82 67
28 83 40
28 84 58
28 85 69
28 86 61
28 87 98
28 88 74
28 89 43
28 90 75
28 91 15
28 92 37
28 93 56
29 30 73
29 31 73
29 32 0
29 33 24
29 34 45
29 35 37
29 36 89
29 37 40
29 38 81
29 39 43
29 40 4
29 41 90
29 42 61
29 43 38
29 44 81
29 45 45
29 46 97
29 47 78
29 48 83
29 49 7
29 50 1
29 51 34
29 52 54
29 53 79
29 54 31
29 55 88
29 56 41
29 57 95
29 58 96
29 59 62
29 60 36
29 61 81
29 62 45
29 63 48
29 64 22
29 65 10
29 66 11
29 67 26
29 68 7
29 69 82
29 70 75
29 71 43
29 72 98
29 73 3
29 74 36
29 75 86
29 76 87
29 77 61
29 78 95
29 79 75
29 80 34
29 81 73
29 82 26
29 83 4
29 84 66
29 85 0
29 86 39
29 87 81
29 88 20
29 89 84
29 90 79
29 91 99
29 92 40
29 93 39
30 31 32
30 32 73
30 33 89
30 34 93
30 35 74
30 36 95
30 37 28
30 38 54
30 39 22
30 40 16
30 41 13
30 42 50
30 43 37
30 44 31
30 45 35
30 46 88
30 47 9
30 48 11
30 49 30
30 50 42
30 51 1
30 52 100
30 53 86
30 54 52
30 55 53
30 56 60
30 57 54
30 58 100
30 59 52
30 60 84
30 61 77
30 62 60
30 63 85
30 64 58
30 65 14
30 66 29
30 67 49
30 68 35
30 69 68
30 70 28
30 71 2
30 72 66
30 73 85
30 74 51
30 75 26
30 76 84
30 77 33
30 78 21
30 79 36
30 80 82
30 81 15
30 82 33
30 83 96
30 84 39
30 85 47
30 86 56
30 87 1
30 88 46
30 89 10
30 90 89
30 91 85
30 92 15
30 93 73
31 32 25
31 33 92
31 34 86
31 35 17
31 36 15
31 37 93
31 38 5
31 39 99
31 40 31
31 41 98
31 42 44
31 43 24
31 44 25
31 45 17
31 46 59
31 47 100
31 48 22
31 49 23
31 50 23
31 51 31
31 52 79
31 53 97
31 54 79
31 55 14
31 56 4
31 57 58
31 58 46
31 59 88
31 60 86
31 61 92
31 62 72
31 63 74
31 64 36
31 65 51
31 66 67
31 67 56
31 68 38
31 69 19
31 70 85
31 71 67
31 72 21
31 73 6
31 74 59
31 75 24
31 76 67
31 77 70
31 78 10
31 79 93
31 80 65
31 81 2
31 82 49
31 83 85
31 84 72
31 85 56
31 86 26
31 87 38
31 88 59
31 89 95
31 90 59
31 91 4
31 92 66
31 93 6
32 33 63
32 34 73
32 35 65
32 36 23
32 37 22
32 38 53
32 39 10
32 40 17
32 41 56
32 42 56
32 43 82
32 44 93
32 45 45
32 46 75
32 47 46
32 48 90
32 49 41
32 50 74
32 51 4
32 52 68
32 53 41
32 54 25
32 55 87
32 56 80
32 57 88
32 58 39
32 59 88
32 60 93
32 61 60
32 62 46
32 63 11
32 64 19
32 65 97
32 66 0
32 67 64
32 68 63
32 69 74
32 70 76
32 71 83
32 72 76
32 73 8
32 74 40
32 75 99
32 76 45
32 77 90
32 78 60
32 79 88
32 80 75
32 81 99
32 82 16
32 83 86
32 84 35
32 85 30
32 86 4
32 87 94
32 88 76
32 89 84
32 90 55
32 91 86
32 92 84
32 93 95
33 34 89
33 35 59
33 36 51
33 37 79
33 38 74
33 39 73
33 40 51
33 41 32
33 42 89
33 43 1
33 44 52
33 45 11
33 46 50
33 47 98
33 48 70
33 49 74
33 50 39
33 51 26
33 52 74
33 53 23
33 54 15
33 55 41
33 56 34
33 57 65
33 58 36
33 59 41
33 60 58
33 61 87
33 62 56
33 63 19
33 64 6
33 65 39
33 66 98
33 67 9
33 68 68
33 69 65
33 70 78
33 71 32
33 72 96
33 73 38
33 74 85
33 75 2
33 76 18
33 77 13
33 78 45
33 79 95
33 80 44
33 81 90
33 82 6
33 83 56
33 84 99
33 85 37
33 86 53
33 87 35
33 88 68
33 89 97
33 90 73
33 91 26
33 92 71
33 93 72
34 35 31
34 36 22
34 37 81
34 38 8
34 39 76
34 40 6
34 41 74
34 42 91
34 43 91
34 44 90
34 45 30
34 46 20
34 47 93
34 48 97
34 49 62
34 50 12
34 51 36
34 52 51
34 53 80
34 54 38
34 55 95
34 56 90
34 57 51
34 58 54
34 59 37
34 60 44
34 61 72
34 62 23
34 63 53
34 64 51
34 65 68
34 66 24
34 67 49
34 68 56
34 69 30
34 70 19
34 71 43
34 72 2
34 73 26
34 74 56
34 75 5
34 76 51
34 77 0
34 78 79
34 79 32
34 80 32
34 81 11
34 82 18
34 83 10
34 84 25
34 85 73
34 86 47
34 87 29
34 88 75
34 89 55
34 90 37
34 91 78
34 92 76
34 93 69
35 36 31
35 37 3
35 38 63
35 39 67
35 40 97
35 41 18
35 42 4
35 43 43
35 44 9
35 45 3
35 46 46
35 47 58
35 48 6
35 49 1
35 50 59
35 51 40
35 52 72
35 53 87
35 54 37
35 55 8
35 56 81
35 57 2
35 58 28
35 59 100
35 60 90
35 61 51
35 62 80
35 63 46
35 64 4
35 65 47
35 66 49
35 67 98
35 68 18
35 69 45
35 70 21
35 71 25
35 72 81
35 73 66
35 74 41
35 75 85
35 76 57
35 77 99
35 78 36
35 79 66
35 80 22
35 81 97
35 82 5
35 83 99
35 84 12
35 85 41
35 86 18
35 87 6
35 88 23
35 89 48
35 90 100
35 91 84
35 92 21
35 93 31
36 37 85
36 38 9
36 39 38
36 40 78
36 41 64
36 42 42
36 43 51
36 44 82
36 45 16
36 46 88
36 47 17
36 48 23
36 49 35
36 50 78
36 51 43
36 52 51
36 53 95
36 54 29
36 55 19
36 56 38
36 57 93
36 58 8
36 59 77
36 60 88
36 61 83
36 62 80
36 63 49
36 64 78
36 65 47
36 66 17
36 67 58
36 68 5
36 69 81
36 70 75
36 71 57
36 72 85
36 73 61
36 74 26
36 75 92
36 76 82
36 77 99
36 78 54
36 79 71
36 80 46
36 81 91
36 82 99
36 83 64
36 84 38
36 85 82
36 86 21
36 87 18
36 88 24
36 89 33
36 90 95
36 91 97
36 92 43
36 93 65
37 38 35
37 39 70
37 40 29
37 41 32
37 42 15
37 43 71
37 44 45
37 45 75
37 46 27
37 47 6
37 48 96
37 49 62
37 50 24
37 51 90
37 52 99
37 53 45
37 54 55
37 55 33
37 56 50
37 57 50
37 58 97
37 59 89
37 60 73
37 61 28
37 62 13
37 63 24
37 64 68
37 65 77
37 66 46
37 67 38
37 68 14
37 69 87
37 70 43
37 71 41
37 72 65
37 73 29
37 74 55
37 75 1
37 76 24
37 77 96
37 78 14
37 79 13
37 80 79
37 81 79
37 82 1
37 83 72
37 84 77
37 85 82
37 86 88
37 87 42
37 88 42
37 89 66
37 90 87
37 91 25
37 92 77
37 93 58
38 39 39
38 40 11
38 41 67
38 42 100
38 43 5
38 44 29
38 45 46
38 46 20
38 47 29
38 48 31
38 49 0
38 50 75
38 51 41
38 52 3
38 53 2
38 54 88
38 55 82
38 56 35
38 57 82
38 58 92
38 59 41
38 60 62
38 61 73
38 62 59
38 63 97
38 64 4
38 65 30
38 66 11
38 67 0
38 68 27
38 69 35
38 70 78
38 71 76
38 72 4
38 73 91
38 74 12
38 75 81
38 76 93
38 77 36
38 78 24
38 79 44
38 80 44
38 81 48
38 82 37
38 83 15
38 84 13
38 85 14
38 86 41
38 87 60
38 88 56
38 89 5
38 90 41
38 91 55
38 92 97
38 93 64
39 40 96
39 41 62
39 42 7
39 43 64
39 44 74
39 45 6
39 46 38
39 47 18
39 48 66
39 49 85
39 50 71
39 51 50
39 52 93
39 53 86
39 54 60
39 55 91
39 56 89
39 57 41
39 58 75
39 59 7
39 60 54
39 61 41
39 62 17
39 63 35
39 64 24
39 65 42
39 66 23
39 67 65
39 68 47
39 69 61
39 70 72
39 71 12
39 72 95
39 73 18
39 74 94
39 75 76
39 76 50
39 77 100
39 78 19
39 79 68
39 80 55
39 81 13
39 82 86
39 83 22
39 84 29
39 85 48
39 86 40
39 87 75
39 88 40
39 89 25
39 90 59
39 91 47
39 92 6
39 93 38
40 41 81
40 42 78
40 43 89
40 44 87
40 45 42
40 46 48
40 47 22
40 48 30
40 49 96
40 50 18
40 51 31
40 52 48
40 53 52
40 54 19
40 55 27
40 56 4
40 57 74
40 58 59
40 59 8
40 60 0
40 61 4
40 62 84
40 63 17
40 64 56
40 65 64
40 66 36
40 67 20
40 68 0
40 69 51
40 70 91
40 71 4
40 72 74
40 73 62
40 74 72
40 75 58
40 76 4
40 77 42
40 78 75
40 79 19
40 80 12
40 81 19
40 82 67
40 83 33
40 84 100
40 85 88
40 86 64
40 87 16
40 88 99
40 89 14
40 90 68
40 91 15
40 92 7
40 93 68
41 42 9
41 43 72
41 44 78
41 45 88
41 46 87
41 47 52
41 48 79
41 49 97
41 50 78
41 51 86
41 52 34
41 53 72
41 54 82
41 55 41
41 56 48
41 57 43
41 58 51
41 59 2
41 60 82
41 61 33
41 62 69
41 63 49
41 64 49
41 65 11
41 66 4
41 67 18
41 68 70
41 69 0
41 70 49
41 71 68
41 72 95
41 73 31
41 74 21
41 75 67
41 76 21
41 77 66
41 78 71
41 79 32
41 80 69
41 81 57
41 82 64
41 83 65
41 84 47
41 85 5
41 86 43
41 87 61
41 88 52
41 89 9
41 90 8
41 91 59
41 92 52
41 93 69
42 43 81
42 44 35
42 45 66
42 46 63
42 47 36
42 48 38
42 49 9
42 50 3
42 51 13
42 52 17
42 53 91
42 54 23
42 55 8
42 56 33
42 57 94
42 58 77
42 59 43
42 60 96
42 61 0
42 62 45
42 63 69
42 64 78
42 65 23
42 66 43
42 67 85
42 68 49
42 69 30
42 70 40
42 71 67
42 72 3
42 73 62
42 74 26
42 75 51
42 76 55
42 77 83
42 78 11
42 79 34
42 80 58
42 81 7
42 82 89
42 83 51
42 84 71
42 85 44
42 86 48
42 87 43
42 88 9
42 89 93
42 90 84
42 91 38
42 92 4
42 93 20
43 44 28
43 45 55
43 46 34
43 47 30
43 48 38
43 49 75
43 50 12
43 51 55
43 52 99
43 53 1
43 54 55
43 55 59
43 56 64
43 57 16
43 58 47
43 59 24
43 60 44
43 61 36
43 62 19
43 63 86
43 64 83
43 65 26
43 66 2
43 67 73
43 68 76
43 69 45
43 70 98
43 71 82
43 72 78
43 73 83
43 74 59
43 75 98
43 76 71
43 77 59
43 78 15
43 79 4
43 80 35
43 81 78
43 82 48
43 83 5
43 84 21
43 85 24
43 86 99
43 87 60
43 88 24
43 89 6
43 90 60
43 91 0
43 92 43
43 93 6
44 45 88
44 46 67
44 47 88
44 48 60
44 49 57
44 50 28
44 51 31
44 52 23
44 53 5
44 54 7
44 55 77
44 56 9
44 57 79
44 58 0
44 59 26
44 60 66
44 61 22
44 62 39
44 63 78
44 64 82
44 65 100
44 66 50
44 67 45
44 68 94
44 69 1
44 70 23
44 71 95
44 72 67
44 73 68
44 74 84
44 75 33
44 76 88
44 77 29
44 78 13
44 79 67
44 80 98
44 81 8
44 82 82
44 83 2
44 84 32
44 85 55
44 86 56
44 87 47
44 88 52
44 89 61
44 90 1
44 91 32
44 92 11
44 93 33
45 46 90
45 47 7
45 48 98
45 49 25
45 50 37
45 51 55
45 52 99
45 53 24
45 54 41
45 55 55
45 56 15
45 57 42
45 58 85
45 59 12
45 60 72
45 61 48
45 62 49
45 63 86
45 64 22
45 65 19
45 66 89
45 67 34
45 68 44
45 69 91
45 70 15
45 71 59
45 72 82
45 73 7
45 74 69
45 75 35
45 76 1
45 77 5
45 78 11
45 79 57
45 80 58
45 81 97
45 82 94
45 83 23
45 84 47
45 85 100
45 86 35
45 87 86
45 88 90
45 89 60
45 90 2
45 91 18
45 92 63
45 93 79
46 47 23
46 48 99
46 49 15
46 50 99
46 51 6
46 52 61
46 53 90
46 54 44
46 55 71
46 56 23
46 57 50
46 58 28
46 59 24
46 60 13
46 61 37
46 62 44
46 63 1
46 64 29
46 65 7
46 66 22
46 67 23
46 68 72
46 69 9
46 70 53
46 71 98
46 72 75
46 73 80
46 74 100
46 75 51
46 76 47
46 77 87
46 78 58
46 79 42
46 80 8
46 81 57
46 82 14
46 83 48
46 84 50
46 85 45
46 86 74
46 87 63
46 88 29
46 89 30
46 90 51
46 91 87
46 92 70
46 93 7
47 48 64
47 49 69
47 50 78
47 51 32
47 52 23
47 53 86
47 54 10
47 55 46
47 56 31
47 57 41
47 58 57
47 59 70
47 60 92
47 61 99
47 62 24
47 63 30
47 64 76
47 65 71
47 66 10
47 67 3
47 68 30
47 69 14
47 70 11
47 71 96
47 72 23
47 73 50
47 74 22
47 75 99
47 76 67
47 77 70
47 78 91
47 79 53
47 80 75
47 81 95
47 82 29
47 83 20
47 84 42
47 85 47
47 86 30
47 87 35
47 88 5
47 89 13
47 90 29
47 91 4
47 92 94
47 93 65
48 49 74
48 50 99
48 51 13
48 52 7
48 53 93
48 54 43
48 55 88
48 56 49
48 57 50
48 58 30
48 59 55
48 60 75
48 61 44
48 62 75
48 63 39
48 64 43
48 65 81
48 66 61
48 67 6
48 68 71
48 69 62
48 70 94
48 71 85
48 72 11
48 73 41
48 74 6
48 75 54
48 76 1
48 77 12
48 78 74
48 79 78
48 80 65
48 81 55
48 82 78
48 83 36
48 84 88
48 85 81
48 86 35
48 87 46
48 88 51
48 89 99
48 90 17
48 91 0
48 92 92
48 93 23
49 50 3
49 51 89
49 52 33
49 53 93
49 54 43
49 55 60
49 56 27
49 57 49
49 58 62
49 59 61
49 60 33
49 61 20
49 62 7
49 63 50
49 64 45
49 65 37
49 66 84
49 67 59
49 68 39
49 69 60
49 70 5
49 71 69
49 72 84
49 73 63
49 74 56
49 75 34
49 76 44
49 77 18
49 78 30
49 79 91
49 80 100
49 81 100
49 82 15
49 83 72
49 84 45
49 85 84
49 86 47
49 87 65
49 88 11
49 89 97
49 90 21
49 91 2
49 92 95
49 93 89
50 51 83
50 52 74
50 53 81
50 54 51
50 55 43
50 56 63
50 57 75
50 58 98
50 59 30
50 60 6
50 61 80
50 62 87
50 63 91
50 64 98
50 65 69
50 66 18
50 67 17
50 68 60
50 69 90
50 70 51
50 71 78
50 72 37
50 73 79
50 74 14
50 75 91
50 76 54
50 77 18
50 78 54
50 79 85
50 80 10
50 81 3
50 82 15
50 83 56
50 84 45
50 85 79
50 86 15
50 87 29
50 88 85
50 89 68
50 90 20
50 91 62
50 92 64
50 93 46
51 52 0
51 53 42
51 54 88
51 55 84
51 56 82
51 57 40
51 58 2
51 59 32
51 60 26
51 61 32
51 62 0
51 63 82
51 64 100
51 65 10
51 66 90
51 67 70
51 68 26
51 69 8
51 70 31
51 71 29
51 72 14
51 73 11
51 74 25
51 75 53
51 76 23
51 77 87
51 78 30
51 79 93
51 80 49
51 81 11
51 82 100
51 83 46
51 84 37
51 85 33
51 86 82
51 87 48
51 88 73
51 89 12
51 90 0
51 91 26
51 92 68
51 93 45
52 53 22
52 54 22
52 55 16
52 56 6
52 57 75
52 58 37
52 59 55
52 60 30
52 61 94
52 62 6
52 63 17
52 64 50
52 65 54
52 66 23
52 67 26
52 68 62
52 69 94
52 70 85
52 71 79
52 72 61
52 73 93
52 74 76
52 75 49
52 76 17
52 77 4
52 78 86
52 79 37
52 80 5
52 81 72
52 82 93
52 83 11
52 84 76
52 85 95
52 86 61
52 87 65
52 88 30
52 89 69
52 90 35
52 91 2
52 92 32
52 93 60
53 54 85
53 55 5
53 56 94
53 57 100
53 58 83
53 59 71
53 60 3
53 61 31
53 62 100
53 63 39
53 64 82
53 65 74
53 66 17
53 67 27
53 68 80
53 69 40
53 70 72
53 71 52
53 72 64
53 73 33
53 74 39
53 75 58
53 76 4
53 77 15
53 78 23
53 79 97
53 80 33
53 81 94
53 82 58
53 83 13
53 84 44
53 85 4
53 86 71
53 87 52
53 88 25
53 89 14
53 90 22
53 91 44
53 92 72
53 93 80
54 55 100
54 56 35
54 57 24
54 58 80
54 59 11
54 60 17
54 61 86
54 62 85
54 63 56
54 64 27
54 65 4
54 66 45
54 67 67
54 68 53
54 69 42
54 70 75
54 71 91
54 72 75
54 73 51
54 74 52
54 75 5
54 76 56
54 77 16
54 78 45
54 79 20
54 80 30
54 81 49
54 82 31
54 83 41
54 84 5
54 85 55
54 86 81
54 87 9
54 88 13
54 89 68
54 90 20
54 91 14
54 92 89
54 93 70
55 56 34
55 57 31
55 58 70
55 59 25
55 60 29
55 61 30
55 62 43
55 63 24
55 64 84
55 65 99
55 66 2
55 67 46
55 68 0
55 69 48
55 70 78
55 71 63
55 72 32
55 73 77
55 74 83
55 75 4
55 76 99
55 77 87
55 78 70
55 79 46
55 80 17
55 81 48
55 82 23
55 83 11
55 84 90
55 85 53
55 86 80
55 87 10
55 88 97
55 89 56
55 90 22
55 91 27
55 92 77
55 93 54
56 57 23
56 58 11
56 59 38
56 60 90
56 61 45
56 62 28
56 63 86
56 64 67
56 65 65
56 66 5
56 67 59
56 68 39
56 69 35
56 70 16
56 71 30
56 72 31
56 73 18
56 74 82
56 75 98
56 76 68
56 77 8
56 78 32
56 79 32
56 80 46
56 81 64
56 82 18
56 83 17
56 84 19
56 85 47
56 86 89
56 87 23
56 88 92
56 89 35
56 90 11
56 91 84
56 92 7
56 93 99
57 58 55
57 59 26
57 60 7
57 61 68
57 62 87
57 63 81
57 64 18
57 65 8
57 66 66
57 67 7
57 68 90
57 69 39
57 70 55
57 71 77
57 72 29
57 73 26
57 74 35
57 75 39
57 76 0
57 77 4
57 78 51
57 79 79
57 80 74
57 81 100
57 82 46
57 83 41
57 84 79
57 85 96
57 86 21
57 87 82
57 88 76
57 89 29
57 90 63
57 91 51
57 92 80
57 93 22
58 59 54
58 60 81
58 61 29
58 62 8
58 63 22
58 64 55
58 65 97
58 66 64
58 67 57
58 68 11
58 69 73
58 70 91
58 71 8
58 72 48
58 73 41
58 74 64
58 75 2
58 76 98
58 77 88
58 78 97
58 79 93
58 80 80
58 81 0
58 82 29
58 83 98
58 84 95
58 85 16
58 86 17
58 87 79
58 88 93
58 89 93
58 90 91
58 91 19
58 92 14
58 93 57
59 60 87
59 61 34
59 62 99
59 63 18
59 64 72
59 65 26
59 66 94
59 67 65
59 68 30
59 69 35
59 70 29
59 71 89
59 72 24
59 73 16
59 74 29
59 75 57
59 76 55
59 77 78
59 78 18
59 79 9
59 80 69
59 81 87
59 82 52
59 83 35
59 84 21
59 85 5
59 86 1
59 87 3
59 88 1
59 89 9
59 90 19
59 91 77
59 92 5
59 93 39
60 61 43
60 62 43
60 63 27
60 64 1
60 65 82
60 66 98
60 67 7
60 68 18
60 69 40
60 70 70
60 71 95
60 72 89
60 73 16
60 74 74
60 75 47
60 76 67
60 77 71
60 78 21
60 79 43
60 80 22
60 81 73
60 82 65
60 83 84
60 84 81
60 85 95
60 86 76
60 87 63
60 88 40
60 89 80
60 90 82
60 91 10
60 92 99
60 93 52
61 62 81
61 63 74
61 64 87
61 65 11
61 66 42
61 67 83
61 68 20
61 69 60
61 70 99
61 71 67
61 72 13
61 73 25
61 74 28
61 75 85
61 76 63
61 77 48
61 78 56
61 79 11
61 80 9
61 81 34
61 82 65
61 83 41
61 84 92
61 85 17
61 86 52
61 87 94
61 88 54
61 89 39
61 90 17
61 91 33
61 92 51
61 93 49
62 63 84
62 64 46
62 65 0
62 66 11
62 67 53
62 68 82
62 69 15
62 70 37
62 71 43
62 72 7
62 73 12
62 74 87
62 75 21
62 76 7
62 77 82
62 78 83
62 79 72
62 80 33
62 81 13
62 82 37
62 83 78
62 84 64
62 85 51
62 86 74
62 87 56
62 88 85
62 89 19
62 90 39
62 91 87
62 92 62
62 93 23
63 64 25
63 65 95
63 66 76
63 67 12
63 68 44
63 69 97
63 70 77
63 71 57
63 72 28
63 73 95
63 74 12
63 75 9
63 76 73
63 77 33
63 78 40
63 79 62
63 80 28
63 81 33
63 82 11
63 83 59
63 84 27
63 85 10
63 86 96
63 87 80
63 88 77
63 89 2
63 90 84
63 91 71
63 92 10
63 93 87
64 65 71
64 66 30
64 67 15
64 68 43
64 69 52
64 70 32
64 71 39
64 72 48
64 73 21
64 74 59
64 75 79
64 76 6
64 77 41
64 78 1
64 79 8
64 80 89
64 81 47
64 82 37
64 83 68
64 84 63
64 85 71
64 86 83
64 87 4
64 88 69
64 89 24
64 90 30
64 91 14
64 92 22
64 93 75
65 66 23
65 67 92
65 68 7
65 69 31
65 70 96
65 71 84
65 72 20
65 73 16
65 74 55
65 75 75
65 76 12
65 77 98
65 78 52
65 79 68
65 80 10
65 81 56
65 82 7
65 83 19
65 84 93
65 85 26
65 86 26
65 87 42
65 88 10
65 89 94
65 90 59
65 91 12
65 92 98
65 93 58
66 67 60
66 68 91
66 69 35
66 70 81
66 71 95
66 72 90
66 73 58
66 74 49
66 75 78
66 76 14
66 77 29
66 78 2
66 79 29
66 80 27
66 81 26
66 82 16
66 83 35
66 84 3
66 85 38
66 86 44
66 87 61
66 88 88
66 89 57
66 90 30
66 91 23
66 92 82
66 93 34
67 68 16
67 69 39
67 70 82
67 71 64
67 72 22
67 73 27
67 74 23
67 75 99
67 76 100
67 77 16
67 78 1
67 79 9
67 80 66
67 81 29
67 82 86
67 83 57
67 84 74
67 85 88
67 86 86
67 87 79
67 88 41
67 89 98
67 90 94
67 91 76
67 92 88
67 93 29
68 69 50
68 70 92
68 71 7
68 72 79
68 73 46
68 74 80
68 75 96
68 76 59
68 77 17
68 78 86
68 79 57
68 80 31
68 81 80
68 82 50
68 83 74
68 84 11
68 85 51
68 86 74
68 87 13
68 88 98
68 89 13
68 90 79
68 91 58
68 92 0
68 93 5
69 70 94
69 71 53
69 72 10
69 73 36
69 74 39
69 75 52
69 76 19
69 77 90
69 78 22
69 79 0
69 80 98
69 81 96
69 82 27
69 83 36
69 84 75
69 85 94
69 86 21
69 87 69
69 88 68
69 89 90
69 90 47
69 91 82
69 92 67
69 93 22
70 71 21
70 72 78
70 73 76
70 74 81
70 75 26
70 76 29
70 77 51
70 78 19
70 79 17
70 80 86
70 81 92
70 82 38
70 83 10
70 84 39
70 85 54
70 86 2
70 87 73
70 88 22
70 89 81
70 90 20
70 91 59
70 92 78
70 93 25
71 72 20
71 73 6
71 74 98
71 75 11
71 76 47
71 77 42
71 78 88
71 79 41
71 80 63
71 81 11
71 82 70
71 83 67
71 84 71
71 85 6
71 86 56
71 87 43
71 88 63
71 89 35
71 90 36
71 91 49
71 92 96
71 93 18
72 73 31
72 74 88
72 75 18
72 76 81
72 77 20
72 78 81
72 79 75
72 80 68
72 81 61
72 82 23
72 83 91
72 84 47
72 85 40
72 86 96
72 87 99
72 88 87
72 89 72
72 90 30
72 91 62
72 92 12
72 93 59
73 74 0
73 75 7
73 76 24
73 77 4
73 78 63
73 79 44
73 80 84
73 81 90
73 82 27
73 83 50
73 84 78
73 85 41
73 86 13
73 87 70
73 88 61
73 89 48
73 90 46
73 91 6
73 92 80
73 93 90
74 75 11
74 76 34
74 77 73
74 78 67
74 79 59
74 80 68
74 81 59
74 82 29
74 83 10
74 84 100
74 85 36
74 86 20
74 87 64
74 88 75
74 89 90
74 90 54
74 91 25
74 92 12
74 93 97
75 76 47
75 77 70
75 78 80
75 79 19
75 80 52
75 81 84
75 82 34
75 83 29
75 84 95
75 85 6
75 86 25
75 87 89
75 88 56
75 89 75
75 90 19
75 91 17
75 92 87
75 93 11
76 77 54
76 78 14
76 79 56
76 80 39
76 81 43
76 82 33
76 83 87
76 84 40
76 85 8
76 86 79
76 87 11
76 88 100
76 89 17
76 90 38
76 91 25
76 92 27
76 93 5
77 78 99
77 79 18
77 80 98
77 81 80
77 82 92
77 83 68
77 84 98
77 85 66
77 86 14
77 87 68
77 88 28
77 89 25
77 90 99
77 91 62
77 92 43
77 93 83
78 79 7
78 80 30
78 81 44
78 82 16
78 83 95
78 84 17
78 85 27
78 86 86
78 87 95
78 88 73
78 89 64
78 90 45
78 91 87
78 92 89
78 93 24
79 80 77
79 81 77
79 82 89
79 83 45
79 84 37
79 85 40
79 86 44
79 87 99
79 88 20
79 89 28
79 90 60
79 91 35
79 92 1
79 93 98
80 81 30
80 82 65
80 83 16
80 84 60
80 85 4
80 86 78
80 87 1
80 88 92
80 89 99
80 90 45
80 91 81
80 92 25
80 93 15
81 82 9
81 83 11
81 84 89
81 85 13
81 86 50
81 87 0
81 88 51
81 89 15
81 90 43
81 91 40
81 92 93
81 93 31
82 83 35
82 84 0
82 85 64
82 86 71
82 87 32
82 88 22
82 89 49
82 90 83
82 91 64
82 92 42
82 93 4
83 84 8
83 85 6
83 86 55
83 87 22
83 88 20
83 89 94
83 90 45
83 91 94
83 92 39
83 93 31
84 85 5
84 86 30
84 87 44
84 88 41
84 89 76
84 90 30
84 91 51
84 92 4
84 93 57
85 86 50
85 87 77
85 88 85
85 89 21
85 90 15
85 91 30
85 92 31
85 93 48
86 87 48
86 88 72
86 89 51
86 90 26
86 91 92
86 92 62
86 93 44
87 88 36
87 89 75
87 90 60
87 91 0
87 92 98
87 93 47
88 89 85
88 90 60
88 91 21
88 92 15
88 93 91
89 90 70
89 91 34
89 92 76
89 93 86
90 91 87
90 92 49
90 93 43
91 92 53
91 93 88
92 93 24
