95 4465
1 2 98
1 3 60
1 4 44
1 5 54
1 6 22
1 7 13
1 8 56
1 9 78
1 10 41
1 11 47
1 12 44
1 13 80
1 14 46
1 15 4
1 16 24
1 17 80
1 18 4
1 19 34
1 20 6
1 21 100
1 22 63
1 23 2
1 24 81
1 25 25
1 26 61
1 27 99
1 28 28
1 29 79
1 30 41
1 31 70
1 32 88
1 33 99
1 34 77
1 35 60
1 36 19
1 37 44
1 38 89
1 39 40
1 40 64
1 41 72
1 42 21
1 43 44
1 44 75
1 45 75
1 46 29
1 47 17
1 48 95
1 49 57
1 50 64
1 51 99
1 52 46
1 53 53
1 54 83
1 55 59
1 56 45
1 57 65
1 58 33
1 59 12
1 60 74
1 61 18
1 62 16
1 63 3
1 64 68
1 65 84
1 66 36
1 67 18
1 68 25
1 69 88
1 70 96
1 71 86
1 72 85
1 73 10
1 74 90
1 75 93
1 76 34
1 77 40
1 78 95
1 79 93
1 80 50
1 81 66
1 82 16
1 83 39
1 84 69
1 85 50
1 86 55
1 87 84
1 88 27
1 89 70
1 90 93
1 91 50
1 92 26
1 93 11
1 94 74
1 95 26
2 3 96
2 4 56
2 5 47
2 6 46
2 7 49
2 8 79
2 9 77
2 10 51
2 11 26
2 12 50
2 13 2
2 14 37
2 15 99
2 16 60
2 17 75
2 18 55
2 19 10
2 20 1
2 21 99
2 22 12
2 23 21
2 24 86
2 25 11
2 26 43
2 27 20
2 28 48
2 29 66
2 30 93
2 31 97
2 32 3
2 33 8
2 34 78
2 35 19
2 36 78
2 37 35
2 38 11
2 39 71
2 40 14
2 41 56
2 42 26
2 43 44
2 44 71
2 45 74
2 46 58
2 47 17
2 48 71
2 49 12
2 50 66
2 51 86
2 52 37
2 53 70
2 54 23
2 55 23
2 56 73
2 57 81
2 58 37
2 59 39
2 60 47
2 61 53
2 62 7
2 63 35
2 64 34
2 65 11
2 66 44
2 67 0
2 68 63
2 69 21
2 70 70
2 71 65
2 72 9
2 73 5
2 74 96
2 75 91
2 76 16
2 77 94
2 78 8
2 79 31
2 80 83
2 81 50
2 82 8
2 83 77
2 84 49
2 85 100
2 86 26
2 87 56
2 88 78
2 89 85
2 90 99
2 91 62
2 92 37
2 93 8
2 94 9
2 95 82
3 4 80
3 5 58
3 6 52
3 7 39
3 8 79
3 9 10
3 10 42
3 11 22
3 12 2
3 13 23
3 14 17
3 15 45
3 16 61
3 17 7
3 18 87
3 19 60
3 20 36
3 21 1
3 22 75
3 23 99
3 24 88
3 25 80
3 26 4
3 27 84
3 28 45
3 29 90
3 30 6
3 31 12
3 32 29
3 33 9
3 34 41
3 35 76
3 36 47
3 37 1
3 38 89
3 39 57
3 40 16
3 41 75
3 42 55
3 43 80
3 44 64
3 45 98
3 46 5
3 47 37
3 48 20
3 49 42
3 50 71
3 51 46
3 52 54
3 53 16
3 54 51
3 55 20
3 56 30
3 57 84
3 58 43
3 59 36
3 60 59
3 61 19
3 62 81
3 63 80
3 64 11
3 65 42
3 66 11
3 67 90
3 68 98
3 69 83
3 70 25
3 71 57
3 72 63
3 73 86
3 74 51
3 75 70
3 76 65
3 77 75
3 78 80
3 79 73
3 80 65
3 81 91
3 82 100
3 83 86
3 84 82
3 85 22
3 86 9
3 87 33
3 88 45
3 89 73
3 90 60
3 91 51
3 92 36
3 93 94
3 94 86
3 95 63
4 5 63
4 6 59
4 7 79
4 8 50
4 9 82
4 10 57
4 11 84
4 12 46
4 13 76
4 14 93
4 15 2
4 16 57
4 17 60
4 18 2
4 19 74
4 20 4
4 21 67
4 22 36
4 23 89
4 24 5
4 25 37
4 26 62
4 27 14
4 28 0
4 29 73
4 30 79
4 31 49
4 32 76
4 33 58
4 34 29
4 35 59
4 36 20
4 37 0
4 38 78
4 39 18
4 40 41
4 41 79
4 42 11
4 43 31
4 44 50
4 45 15
4 46 2
4 47 12
4 48 78
4 49 65
4 50 96
4 51 0
4 52 8
4 53 34
4 54 62
4 55 42
4 56 69
4 57 34
4 58 35
4 59 72
4 60 90
4 61 10
4 62 68
4 63 84
4 64 59
4 65 46
4 66 19
4 67 72
4 68 40
4 69 15
4 70 63
4 71 60
4 72 60
4 73 21
4 74 40
4 75 31
4 76 33
4 77 16
4 78 4
4 79 59
4 80 75
4 81 47
4 82 65
4 83 26
4 84 11
4 85 26
4 86 60
4 87 23
4 88 25
4 89 59
4 90 76
4 91 74
4 92 58
4 93 90
4 94 19
4 95 91
5 6 61
5 7 36
5 8 96
5 9 78
5 10 5
5 11 47
5 12 33
5 13 62
5 14 81
5 15 37
5 16 38
5 17 50
5 18 43
5 19 89
5 20 81
5 21 48
5 22 3
5 23 65
5 24 85
5 25 80
5 26 26
5 27 52
5 28 8
5 29 10
5 30 56
5 31 76
5 32 61
5 33 70
5 34 26
5 35 5
5 36 14
5 37 0
5 38 44
5 39 88
5 40 4
5 41 97
5 42 23
5 43 92
5 44 80
5 45 57
5 46 42
5 47 92
5 48 94
5 49 17
5 50 58
5 51 73
5 52 77
5 53 76
5 54 61
5 55 25
5 56 27
5 57 74
5 58 0
5 59 54
5 60 9
5 61 64
5 62 49
5 63 91
5 64 24
5 65 27
5 66 20
5 67 80
5 68 90
5 69 59
5 70 83
5 71 64
5 72 21
5 73 35
5 74 6
5 75 85
5 76 64
5 77 62
5 78 80
5 79 52
5 80 24
5 81 92
5 82 25
5 83 82
5 84 80
5 85 31
5 86 66
5 87 72
5 88 36
5 89 10
5 90 99
5 91 51
5 92 69
5 93 32
5 94 21
5 95 74
6 7 56
6 8 17
6 9 25
6 10 3
6 11 98
6 12 19
6 13 64
6 14 73
6 15 65
6 16 91
6 17 30
6 18 37
6 19 5
6 20 34
6 21 99
6 22 6
6 23 85
6 24 74
6 25 74
6 26 47
6 27 3
6 28 99
6 29 7
6 30 8
6 31 62
6 32 59
6 33 87
6 34 69
6 35 18
6 36 78
6 37 25
6 38 1
6 39 27
6 40 25
6 41 6
6 42 69
6 43 78
6 44 0
6 45 28
6 46 69
6 47 13
6 48 21
6 49 0
6 50 18
6 51 62
6 52 92
6 53 77
6 54 39
6 55 35
6 56 38
6 57 50
6 58 12
6 59 49
6 60 2
6 61 76
6 62 38
6 63 25
6 64 34
6 65 86
6 66 21
6 67 0
6 68 32
6 69 5
6 70 14
6 71 85
6 72 52
6 73 49
6 74 31
6 75 74
6 76 98
6 77 2
6 78 1
6 79 22
6 80 32
6 81 64
6 82 17
6 83 8
6 84 88
6 85 1
6 86 69
6 87 34
6 88 8
6 89 21
6 90 17
6 91 95
6 92 27
6 93 39
6 94 11
6 95 66
7 8 47
7 9 95
7 10 25
7 11 55
7 12 84
7 13 39
7 14 44
7 15 76
7 16 2
7 17 8
7 18 42
7 19 82
7 20 96
7 21 4
7 22 37
7 23 55
7 24 27
7 25 11
7 26 27
7 27 44
7 28 3
7 29 30
7 30 19
7 31 35
7 32 65
7 33 29
7 34 50
7 35 13
7 36 44
7 37 1
7 38 58
7 39 95
7 40 21
7 41 57
7 42 94
7 43 67
7 44 94
7 45 43
7 46 67
7 47 11
7 48 40
7 49 55
7 50 51
7 51 80
7 52 78
7 53 40
7 54 67
7 55 20
7 56 20
7 57 2
7 58 17
7 59 32
7 60 6
7 61 99
7 62 34
7 63 43
7 64 63
7 65 62
7 66 4
7 67 83
7 68 7
7 69 13
7 70 80
7 71 20
7 72 23
7 73 26
7 74 33
7 75 91
7 76 100
7 77 38
7 78 13
7 79 92
7 80 57
7 81 37
7 82 25
7 83 38
7 84 43
7 85 0
7 86 73
7 87 88
7 88 2
7 89 24
7 90 84
7 91 9
7 92 6
7 93 11
7 94 29
7 95 48
8 9 5
8 10 100
8 11 0
8 12 11
8 13 93
8 14 54
8 15 66
8 16 25
8 17 76
8 18 57
8 19 93
8 20 1
8 21 7
8 22 88
8 23 11
8 24 30
8 25 82
8 26 86
8 27 66
8 28 94
8 29 15
8 30 40
8 31 74
8 32 57
8 33 9
8 34 39
8 35 51
8 36 84
8 37 12
8 38 92
8 39 20
8 40 92
8 41 5
8 42 17
8 43 0
8 44 36
8 45 35
8 46 11
8 47 26
8 48 8
8 49 3
8 50 76
8 51 53
8 52 77
8 53 54
8 54 15
8 55 18
8 56 40
8 57 90
8 58 9
8 59 13
8 60 62
8 61 1
8 62 10
8 63 87
8 64 14
8 65 99
8 66 50
8 67 29
8 68 79
8 69 6
8 70 85
8 71 60
8 72 70
8 73 43
8 74 96
8 75 84
8 76 53
8 77 32
8 78 14
8 79 99
8 80 44
8 81 11
8 82 67
8 83 68
8 84 68
8 85 51
8 86 70
8 87 22
8 88 51
8 89 5
8 90 98
8 91 7
8 92 32
8 93 8
8 94 37
8 95 74
9 10 5
9 11 90
9 12 69
9 13 73
9 14 19
9 15 67
9 16 94
9 17 77
9 18 64
9 19 11
9 20 0
9 21 0
9 22 91
9 23 66
9 24 93
9 25 73
9 26 34
9 27 58
9 28 67
9 29 95
9 30 29
9 31 19
9 32 19
9 33 23
9 34 94
9 35 58
9 36 98
9 37 84
9 38 22
9 39 2
9 40 24
9 41 10
9 42 6
9 43 56
9 44 2
9 45 68
9 46 96
9 47 22
9 48 23
9 49 5
9 50 12
9 51 54
9 52 30
9 53 11
9 54 90
9 55 55
9 56 100
9 57 34
9 58 92
9 59 53
9 60 93
9 61 90
9 62 7
9 63 77
9 64 97
9 65 69
9 66 70
9 67 14
9 68 64
9 69 81
9 70 16
9 71 65
9 72 43
9 73 70
9 74 66
9 75 38
9 76 9
9 77 9
9 78 23
9 79 100
9 80 83
9 81 92
9 82 91
9 83 95
9 84 49
9 85 69
9 86 99
9 87 85
9 88 11
9 89 28
9 90 86
9 91 56
9 92 99
9 93 9
9 94 45
9 95 14
10 11 95
10 12 89
10 13 12
10 14 55
10 15 63
10 16 97
10 17 57
10 18 59
10 19 32
10 20 78
10 21 33
10 22 26
10 23 62
10 24 78
10 25 99
10 26 26
10 27 20
10 28 43
10 29 20
10 30 68
10 31 87
10 32 36
10 33 58
10 34 13
10 35 55
10 36 73
10 37 45
10 38 96
10 39 74
10 40 22
10 41 35
10 42 31
10 43 68
10 44 50
10 45 17
10 46 98
10 47 39
10 48 15
10 49 61
10 50 9
10 51 10
10 52 32
10 53 73
10 54 80
10 55 65
10 56 52
10 57 32
10 58 39
10 59 37
10 60 86
10 61 35
10 62 83
10 63 16
10 64 39
10 65 0
10 66 77
10 67 20
10 68 7
10 69 80
10 70 76
10 71 39
10 72 46
10 73 99
10 74 10
10 75 49
10 76 56
10 77 19
10 78 67
10 79 53
10 80 14
10 81 11
10 82 64
10 83 48
10 84 37
10 85 19
10 86 55
10 87 8
10 88 69
10 89 46
10 90 91
10 91 80
10 92 92
10 93 29
10 94 5
10 95 83
11 12 56
11 13 46
11 14 5
11 15 54
11 16 44
11 17 28
11 18 62
11 19 95
11 20 15
11 21 23
11 22 63
11 23 98
11 24 61
11 25 24
11 26 33
11 27 50
11 28 53
11 29 100
11 30 45
11 31 93
11 32 50
11 33 31
11 34 7
11 35 60
11 36 40
11 37 60
11 38 77
11 39 81
11 40 82
11 41 56
11 42 96
11 43 7
11 44 98
11 45 62
11 46 79
11 47 11
11 48 28
11 49 69
11 50 37
11 51 83
11 52 63
11 53 29
11 54 93
11 55 81
11 56 3
11 57 55
11 58 6
11 59 60
11 60 3
11 61 72
11 62 49
11 63 93
11 64 20
11 65 57
11 66 36
11 67 46
11 68 82
11 69 11
11 70 29
11 71 94
11 72 68
11 73 95
11 74 55
11 75 100
11 76 22
11 77 67
11 78 43
11 79 45
11 80 37
11 81 25
11 82 48
11 83 69
11 84 88
11 85 87
11 86 18
11 87 87
11 88 59
11 89 56
11 90 25
11 91 96
11 92 93
11 93 89
11 94 22
11 95 98
12 13 37
12 14 43
12 15 57
12 16 46
12 17 95
12 18 52
12 19 15
12 20 77
12 21 49
12 22 42
12 23 49
12 24 73
12 25 29
12 26 35
12 27 49
12 28 23
12 29 87
12 30 39
12 31 11
12 32 40
12 33 58
12 34 35
12 35 53
12 36 38
12 37 64
12 38 66
12 39 17
12 40 99
12 41 97
12 42 43
12 43 25
12 44 100
12 45 79
12 46 0
12 47 55
12 48 42
12 49 7
12 50 14
12 51 1
12 52 43
12 53 51
12 54 31
12 55 40
12 56 21
12 57 80
12 58 26
12 59 58
12 60 69
12 61 51
12 62 81
12 63 92
12 64 57
12 65 29
12 66 90
12 67 96
12 68 35
12 69 47
12 70 27
12 71 61
12 72 79
12 73 51
12 74 88
12 75 95
12 76 45
12 77 97
12 78 90
12 79 75
12 80 41
12 81 46
12 82 53
12 83 24
12 84 25
12 85 51
12 86 42
12 87 65
12 88 96
12 89 62
12 90 17
12 91 45
12 92 82
12 93 57
12 94 82
12 95 0
13 14 33
13 15 56
13 16 27
13 17 77
13 18 77
13 19 84
13 20 49
13 21 55
13 22 34
13 23 25
13 24 42
13 25 73
13 26 76
13 27 47
13 28 86
13 29 94
13 30 23
13 31 43
13 32 43
13 33 46
13 34 94
13 35 45
13 36 90
13 37 20
13 38 99
13 39 66
13 40 60
13 41 56
13 42 59
13 43 37
13 44 9
13 45 11
13 46 27
13 47 100
13 48 30
13 49 11
13 50 50
13 51 64
13 52 12
13 53 98
13 54 5
13 55 42
13 56 47
13 57 71
13 58 98
13 59 64
13 60 89
13 61 50
13 62 34
13 63 45
13 64 8
13 65 59
13 66 15
13 67 56
13 68 87
13 69 6
13 70 58
13 71 97
13 72 47
13 73 66
13 74 91
13 75 60
13 76 36
13 77 87
13 78 70
13 79 84
13 80 41
13 81 71
13 82 14
13 83 28
13 84 25
13 85 18
13 86 73
13 87 49
13 88 32
13 89 53
13 90 23
13 91 52
13 92 82
13 93 49
13 94 20
13 95 42
14 15 11
14 16 83
14 17 9
14 18 70
14 19 73
14 20 57
14 21 63
14 22 87
14 23 45
14 24 50
14 25 85
14 26 42
14 27 21
14 28 45
14 29 22
14 30 3
14 31 37
14 32 6
14 33 97
14 34 21
14 35 12
14 36 96
14 37 64
14 38 71
14 39 58
14 40 35
14 41 62
14 42 7
14 43 90
14 44 17
14 45 71
14 46 93
14 47 93
14 48 95
14 49 67
14 50 92
14 51 68
14 52 11
14 53 1
14 54 70
14 55 13
14 56 97
14 57 98
14 58 73
14 59 72
14 60 71
14 61 47
14 62 34
14 63 2
14 64 31
14 65 12
14 66 37
14 67 8
14 68 29
14 69 62
14 70 53
14 71 80
14 72 22
14 73 75
14 74 65
14 75 55
14 76 63
14 77 11
14 78 0
14 79 72
14 80 43
14 81 76
14 82 30
14 83 31
14 84 49
14 85 2
14 86 69
14 87 64
14 88 50
14 89 97
14 90 25
14 91 49
14 92 22
14 93 10
14 94 47
14 95 58
15 16 7
15 17 91
15 18 74
15 19 91
15 20 80
15 21 65
15 22 98
15 23 37
15 24 11
15 25 89
15 26 9
15 27 28
15 28 34
15 29 59
15 30 18
15 31 34
15 32 55
15 33 17
15 34 22
15 35 70
15 36 68
15 37 0
15 38 23
15 39 29
15 40 91
15 41 13
15 42 50
15 43 15
15 44 59
15 45 33
15 46 88
15 47 62
15 48 85
15 49 94
15 50 2
15 51 25
15 52 75
15 53 52
15 54 90
15 55 61
15 56 94
15 57 82
15 58 70
15 59 70
15 60 45
15 61 2
15 62 26
15 63 62
15 64 1
15 65 91
15 66 79
15 67 88
15 68 23
15 69 25
15 70 59
15 71 73
15 72 10
15 73 5
15 74 2
15 75 54
15 76 21
15 77 10
15 78 36
15 79 14
15 80 24
15 81 17
15 82 3
15 83 11
15 84 46
15 85 61
15 86 94
15 87 40
15 88 96
15 89 5
15 90 88
15 91 51
15 92 70
15 93 28
15 94 15
15 95 65
16 17 67
16 18 57
16 19 77
16 20 88
16 21 57
16 22 63
16 23 67
16 24 34
16 25 50
16 26 31
16 27 60
16 28 84
16 29 34
16 30 83
16 31 100
16 32 44
16 33 92
16 34 57
16 35 77
16 36 28
16 37 15
16 38 53
16 39 34
16 40 59
16 41 59
16 42 98
16 43 20
16 44 4
16 45 0
16 46 31
16 47 27
16 48 35
16 49 31
16 50 60
16 51 15
16 52 34
16 53 58
16 54 67
16 55 96
16 56 57
16 57 55
16 58 86
16 59 57
16 60 86
16 61 10
16 62 99
16 63 72
16 64 84
16 65 87
16 66 46
16 67 0
16 68 94
16 69 89
16 70 35
16 71 70
16 72 54
16 73 92
16 74 54
16 75 77
16 76 94
16 77 7
16 78 49
16 79 36
16 80 50
16 81 59
16 82 34
16 83 1
16 84 32
16 85 56
16 86 78
16 87 58
16 88 22
16 89 67
16 90 15
16 91 60
16 92 58
16 93 76
16 94 32
16 95 98
17 18 99
17 19 65
17 20 92
17 21 27
17 22 75
17 23 71
17 24 17
17 25 100
17 26 65
17 27 34
17 28 78
17 29 40
17 30 73
17 31 75
17 32 83
17 33 34
17 34 33
17 35 51
17 36 3
17 37 28
17 38 97
17 39 18
17 40 70
17 41 13
17 42 14
17 43 78
17 44 3
17 45 70
17 46 91
17 47 91
17 48 90
17 49 83
17 50 84
17 51 89
17 52 100
17 53 51
17 54 53
17 55 29
17 56 10
17 57 90
17 58 69
17 59 52
17 60 36
17 61 27
17 62 12
17 63 20
17 64 80
17 65 53
17 66 37
17 67 33
17 68 45
17 69 56
17 70 22
17 71 39
17 72 34
17 73 97
17 74 99
17 75 70
17 76 76
17 77 26
17 78 94
17 79 19
17 80 46
17 81 43
17 82 60
17 83 67
17 84 24
17 85 66
17 86 36
17 87 96
17 88 75
17 89 65
17 90 52
17 91 41
17 92 35
17 93 54
17 94 63
17 95 92
18 19 90
18 20 100
18 21 53
18 22 89
18 23 100
18 24 7
18 25 67
18 26 6
18 27 80
18 28 93
18 29 37
18 30 63
18 31 22
18 32 23
18 33 38
18 34 79
18 35 29
18 36 64
18 37 35
18 38 55
18 39 43
18 40 33
18 41 2
18 42 52
18 43 6
18 44 46
18 45 73
18 46 58
18 47 58
18 48 52
18 49 72
18 50 9
18 51 32
18 52 57
18 53 17
18 54 34
18 55 69
18 56 72
18 57 31
18 58 59
18 59 41
18 60 16
18 61 100
18 62 77
18 63 41
18 64 39
18 65 66
18 66 67
18 67 31
18 68 81
18 69 31
18 70 73
18 71 49
18 72 36
18 73 83
18 74 29
18 75 61
18 76 22
18 77 66
18 78 34
18 79 92
18 80 63
18 81 25
18 82 66
18 83 60
18 84 90
18 85 86
18 86 82
18 87 42
18 88 36
18 89 97
18 90 95
18 91 34
18 92 89
18 93 90
18 94 91
18 95 25
19 20 91
19 21 62
19 22 85
19 23 34
19 24 6
19 25 35
19 26 22
19 27 17
19 28 18
19 29 68
19 30 24
19 31 13
19 32 75
19 33 2
19 34 68
19 35 55
19 36 61
19 37 14
19 38 95
19 39 85
19 40 32
19 41 19
19 42 85
19 43 79
19 44 74
19 45 27
19 46 68
19 47 95
19 48 18
19 49 91
19 50 37
19 51 83
19 52 6
19 53 82
19 54 72
19 55 66
19 56 71
19 57 91
19 58 12
19 59 65
19 60 94
19 61 3
19 62 59
19 63 52
19 64 15
19 65 18
19 66 26
19 67 95
19 68 28
19 69 4
19 70 68
19 71 85
19 72 35
19 73 48
19 74 96
19 75 93
19 76 35
19 77 20
19 78 63
19 79 39
19 80 15
19 81 96
19 82 64
19 83 32
19 84 58
19 85 45
19 86 70
19 87 100
19 88 28
19 89 12
19 90 91
19 91 66
19 92 82
19 93 50
19 94 43
19 95 19
20 21 82
20 22 1
20 23 4
20 24 11
20 25 5
20 26 94
20 27 79
20 28 100
20 29 37
20 30 5
20 31 25
20 32 63
20 33 79
20 34 35
20 35 72
20 36 97
20 37 80
20 38 43
20 39 37
20 40 47
20 41 88
20 42 4
20 43 23
20 44 90
20 45 42
20 46 28
20 47 31
20 48 77
20 49 81
20 50 75
20 51 60
20 52 7
20 53 29
20 54 89
20 55 69
20 56 41
20 57 86
20 58 4
20 59 74
20 60 95
20 61 6
20 62 60
20 63 30
20 64 69
20 65 25
20 66 0
20 67 87
20 68 82
20 69 26
20 70 53
20 71 10
20 72 17
20 73 96
20 74 40
20 75 74
20 76 4
20 77 54
20 78 72
20 79 8
20 80 77
20 81 23
20 82 1
20 83 81
20 84 74
20 85 97
20 86 19
20 87 37
20 88 75
20 89 36
20 90 67
20 91 52
20 92 12
20 93 63
20 94 1
20 95 25
21 22 73
21 23 40
21 24 4
21 25 95
21 26 86
21 27 4
21 28 78
21 29 34
21 30 31
21 31 74
21 32 47
21 33 26
21 34 33
21 35 35
21 36 5
21 37 77
21 38 96
21 39 75
21 40 52
21 41 8
21 42 20
21 43 25
21 44 72
21 45 81
21 46 65
21 47 75
21 48 17
21 49 30
21 50 46
21 51 38
21 52 83
21 53 22
21 54 82
21 55 19
21 56 43
21 57 81
21 58 89
21 59 77
21 60 19
21 61 88
21 62 20
21 63 83
21 64 14
21 65 8
21 66 8
21 67 9
21 68 5
21 69 54
21 70 71
21 71 0
21 72 98
21 73 70
21 74 52
21 75 71
21 76 35
21 77 44
21 78 58
21 79 99
21 80 40
21 81 80
21 82 82
21 83 20
21 84 53
21 85 79
21 86 4
21 87 29
21 88 21
21 89 74
21 90 19
21 91 87
21 92 49
21 93 36
21 94 90
21 95 100
22 23 67
22 24 7
22 25 62
22 26 70
22 27 28
22 28 44
22 29 77
22 30 77
22 31 66
22 32 2
22 33 28
22 34 83
22 35 4
22 36 16
22 37 13
22 38 12
22 39 67
22 40 21
22 41 62
22 42 90
22 43 89
22 44 91
22 45 71
22 46 54
22 47 84
22 48 45
22 49 87
22 50 89
22 51 74
22 52 98
22 53 67
22 54 86
22 55 28
22 56 0
22 57 6
22 58 100
22 59 15
22 60 62
22 61 32
22 62 85
22 63 9
22 64 78
22 65 37
22 66 48
22 67 23
22 68 32
22 69 13
22 70 93
22 71 71
22 72 37
22 73 77
22 74 30
22 75 58
22 76 82
22 77 89
22 78 36
22 79 55
22 80 26
22 81 85
22 82 27
22 83 29
22 84 31
22 85 64
22 86 21
22 87 59
22 88 38
22 89 49
22 90 39
22 91 1
22 92 49
22 93 77
22 94 70
22 95 47
23 24 75
23 25 8
23 26 31
23 27 4
23 28 92
23 29 78
23 30 90
23 31 3
23 32 65
23 33 97
23 34 41
23 35 21
23 36 29
23 37 67
23 38 22
23 39 0
23 40 10
23 41 31
23 42 79
23 43 94
23 44 59
23 45 48
23 46 38
23 47 25
23 48 54
23 49 98
23 50 73
23 51 55
23 52 87
23 53 23
23 54 8
23 55 62
23 56 53
23 57 96
23 58 91
23 59 55
23 60 76
23 61 41
23 62 86
23 63 83
23 64 40
23 65 73
23 66 81
23 67 63
23 68 21
23 69 81
23 70 94
23 71 59
23 72 1
23 73 98
23 74 5
23 75 20
23 76 79
23 77 15
23 78 29
23 79 86
23 80 36
23 81 45
23 82 18
23 83 71
23 84 9
23 85 44
23 86 84
23 87 92
23 88 6
23 89 65
23 90 71
23 91 91
23 92 100
23 93 81
23 94 65
23 95 22
24 25 25
24 26 49
24 27 72
24 28 15
24 29 46
24 30 15
24 31 39
24 32 58
24 33 23
24 34 68
24 35 77
24 36 72
24 37 29
24 38 93
24 39 36
24 40 42
24 41 47
24 42 13
24 43 92
24 44 21
24 45 39
24 46 97
24 47 60
24 48 78
24 49 79
24 50 81
24 51 65
24 52 55
24 53 23
24 54 85
24 55 30
24 56 79
24 57 77
24 58 85
24 59 80
24 60 9
24 61 46
24 62 17
24 63 21
24 64 40
24 65 57
24 66 82
24 67 69
24 68 35
24 69 77
24 70 9
24 71 0
24 72 55
24 73 96
24 74 74
24 75 8
24 76 90
24 77 26
24 78 18
24 79 55
24 80 83
24 81 41
24 82 16
24 83 91
24 84 77
24 85 72
24 86 49
24 87 2
24 88 41
24 89 89
24 90 27
24 91 81
24 92 40
24 93 23
24 94 70
24 95 25
25 26 73
25 27 29
25 28 79
25 29 45
25 30 7
25 31 91
25 32 33
25 33 44
25 34 99
25 35 64
25 36 35
25 37 47
25 38 22
25 39 80
25 40 39
25 41 83
25 42 12
25 43 89
25 44 12
25 45 87
25 46 51
25 47 91
25 48 22
25 49 40
25 50 38
25 51 81
25 52 49
25 53 96
25 54 53
25 55 5
25 56 6
25 57 79
25 58 98
25 59 88
25 60 8
25 61 33
25 62 58
25 63 18
25 64 48
25 65 58
25 66 73
25 67 51
25 68 64
25 69 1
25 70 21
25 71 87
25 72 58
25 73 0
25 74 30
25 75 49
25 76 78
25 77 32
25 78 75
25 79 43
25 80 72
25 81 95
25 82 68
25 83 99
25 84 12
25 85 25
25 86 48
25 87 40
25 88 29
25 89 1
25 90 64
25 91 37
25 92 30
25 93 96
25 94 21
25 95 14
26 27 27
26 28 20
26 29 41
26 30 96
26 31 3
26 32 76
26 33 79
26 34 6
26 35 22
26 36 35
26 37 100
26 38 87
26 39 83
26 40 26
26 41 49
26 42 25
26 43 59
26 44 67
26 45 58
26 46 82
26 47 37
26 48 58
26 49 47
26 50 80
26 51 21
26 52 55
26 53 55
26 54 20
26 55 39
26 56 85
26 57 73
26 58 30
26 59 19
26 60 70
26 61 89
26 62 57
26 63 0
26 64 74
26 65 87
26 66 18
26 67 27
26 68 78
26 69 93
26 70 17
26 71 91
26 72 52
26 73 11
26 74 39
26 75 74
26 76 51
26 77 77
26 78 25
26 79 98
26 80 86
26 81 43
26 82 57
26 83 26
26 84 98
26 85 4
26 86 78
26 87 46
26 88 92
26 89 62
26 90 53
26 91 19
26 92 87
26 93 90
26 94 43
26 95 77
27 28 86
27 29 3
27 30 2
27 31 23
27 32 79
27 33 87
27 34 86
27 35 7
27 36 73
27 37 4
27 38 89
27 39 87
27 40 21
27 41 24
27 42 81
27 43 80
27 44 41
27 45 95
27 46 79
27 47 36
27 48 95
27 49 44
27 50 20
27 51 44
27 52 98
27 53 48
27 54 17
27 55 57
27 56 31
27 57 75
27 58 88
27 59 16
27 60 20
27 61 89
27 62 43
27 63 92
27 64 95
27 65 72
27 66 80
27 67 97
27 68 74
27 69 98
27 70 34
27 71 52
27 72 8
27 73 24
27 74 75
27 75 4
27 76 13
27 77 98
27 78 79
27 79 17
27 80 95
27 81 19
27 82 74
27 83 66
27 84 66
27 85 4
27 86 19
27 87 72
27 88 30
27 89 47
27 90 8
27 91 51
27 92 44
27 93 45
27 94 60
27 95 58
28 29 20
28 30 83
28 31 75
28 32 89
28 33 84
28 34 97
28 35 71
28 36 17
28 37 31
28 38 36
28 39 15
28 40 57
28 41 49
28 42 90
28 43 34
28 44 5
28 45 40
28 46 33
28 47 95
28 48 95
28 49 86
28 50 33
28 51 56
28 52 68
28 53 83
28 54 30
28 55 76
28 56 1
28 57 90
28 58 68
28 59 44
28 60 19
28 61 8
28 62 99
28 63 65
28 64 55
28 65 2
28 66 74
28 67 84
28 68 100
28 69 9
28 70 94
28 71 68
28 72 88
28 73 14
28 74 20
28 75 79
28 76 84
28 77 18
28 78 75
28 79 71
28 80 90
28 81 81
28 82 26
28 83 81
28 84 10
28 85 48
28 86 47
28 87 82
28 88 66
28 89 45
28 90 66
28 91 59
28 92 3
28 93 26
28 94 38
28 95 18
29 30 81
29 31 96
29 32 7
29 33 59
29 34 19
29 35 87
29 36 9
29 37 57
29 38 83
29 39 28
29 40 100
29 41 96
29 42 33
29 43 29
29 44 79
29 45 93
29 46 70
29 47 75
29 48 70
29 49 91
29 50 87
29 51 50
29 52 69
29 53 68
29 54 87
29 55 98
29 56 46
29 57 85
29 58 73
29 59 76
29 60 68
29 61 18
29 62 50
29 63 28
29 64 64
29 65 37
29 66 6
29 67 72
29 68 63
29 69 35
29 70 75
29 71 13
29 72 95
29 73 44
29 74 46
29 75 15
29 76 43
29 77 64
29 78 53
29 79 78
29 80 45
29 81 17
29 82 40
29 83 77
29 84 96
29 85 55
29 86 63
29 87 63
29 88 20
29 89 30
29 90 22
29 91 42
29 92 32
29 93 32
29 94 33
29 95 28
30 31 71
30 32 57
30 33 24
30 34 60
30 35 51
30 36 67
30 37 26
30 38 68
30 39 51
30 40 87
30 41 48
30 42 25
30 43 47
30 44 23
30 45 19
30 46 39
30 47 72
30 48 10
30 49 93
30 50 77
30 51 21
30 52 9
30 53 50
30 54 54
30 55 3
30 56 93
30 57 6
30 58 19
30 59 20
30 60 11
30 61 58
30 62 58
30 63 31
30 64 34
30 65 55
30 66 55
30 67 25
30 68 81
30 69 4
30 70 5
30 71 41
30 72 4
30 73 96
30 74 1
30 75 77
30 76 62
30 77 49
30 78 15
30 79 45
30 80 18
30 81 27
30 82 47
30 83 29
30 84 90
30 85 60
30 86 8
30 87 85
30 88 44
30 89 62
30 90 98
30 91 90
30 92 82
30 93 55
30 94 25
30 95 23
31 32 48
31 33 79
31 34 33
31 35 40
31 36 92
31 37 16
31 38 97
31 39 43
31 40 6
31 41 15
31 42 94
31 43 97
31 44 15
31 45 26
31 46 48
31 47 0
31 48 70
31 49 55
31 50 81
31 51 63
31 52 51
31 53 50
31 54 2
31 55 52
31 56 26
31 57 94
31 58 83
31 59 55
31 60 99
31 61 69
31 62 52
31 63 22
31 64 27
31 65 54
31 66 4
31 67 28
31 68 86
31 69 79
31 70 24
31 71 22
31 72 97
31 73 45
31 74 81
31 75 93
31 76 3
31 77 66
31 78 62
31 79 1
31 80 81
31 81 84
31 82 83
31 83 27
31 84 35
31 85 33
31 86 80
31 87 67
31 88 18
31 89 21
31 90 60
31 91 39
31 92 49
31 93 70
31 94 15
31 95 57
32 33 18
32 34 2
32 35 27
32 36 18
32 37 17
32 38 18
32 39 53
32 40 7
32 41 82
32 42 13
32 43 47
32 44 53
32 45 71
32 46 94
32 47 9
32 48 26
32 49 4
32 50 74
32 51 55
32 52 94
32 53 64
32 54 49
32 55 9
32 56 26
32 57 85
32 58 21
32 59 34
32 60 59
32 61 59
32 62 76
32 63 58
32 64 34
32 65 51
32 66 67
32 67 49
32 68 10
32 69 3
32 70 41
32 71 64
32 72 47
32 73 68
32 74 13
32 75 51
32 76 48
32 77 53
32 78 41
32 79 74
32 80 65
32 81 95
32 82 81
32 83 61
32 84 87
32 85 0
32 86 8
32 87 65
32 88 22
32 89 77
32 90 67
32 91 11
32 92 20
32 93 80
32 94 27
32 95 11
33 34 46
33 35 89
33 36 95
33 37 4
33 38 87
33 39 0
33 40 36
33 41 85
33 42 92
33 43 93
33 44 45
33 45 72
33 46 96
33 47 75
33 48 28
33 49 66
33 50 78
33 51 55
33 52 20
33 53 36
33 54 47
33 55 43
33 56 89
33 57 73
33 58 2
33 59 59
33 60 42
33 61 6
33 62 64
33 63 32
33 64 20
33 65 59
33 66 70
33 67 13
33 68 87
33 69 10
33 70 3
33 71 18
33 72 10
33 73 45
33 74 74
33 75 72
33 76 56
33 77 49
33 78 14
33 79 80
33 80 7
33 81 34
33 82 54
33 83 76
33 84 72
33 85 57
33 86 45
33 87 3
33 88 68
33 89 74
33 90 41
33 91 55
33 92 85
33 93 95
33 94 94
33 95 16
34 35 14
34 36 82
34 37 5
34 38 39
34 39 43
34 40 88
34 41 21
34 42 87
34 43 72
34 44 63
34 45 96
34 46 10
34 47 98
34 48 93
34 49 35
34 50 26
34 51 6
34 52 77
34 53 26
34 54 38
34 55 18
34 56 6
34 57 17
34 58 98
34 59 54
34 60 38
34 61 47
34 62 10
34 63 36
34 64 70
34 65 34
34 66 33
34 67 17
34 68 90
34 69 41
34 70 23
34 71 14
34 72 45
34 73 25
34 74 10
34 75 25
34 76 44
34 77 53
34 78 26
34 79 100
34 80 27
34 81 68
34 82 69
34 83 97
34 84 12
34 85 82
34 86 96
34 87 4
34 88 82
34 89 4
34 90 89
34 91 94
34 92 51
34 93 91
34 94 54
34 95 5
35 36 95
35 37 8
35 38 58
35 39 91
35 40 72
35 41 69
35 42 92
35 43 12
35 44 41
35 45 49
35 46 38
35 47 41
35 48 100
35 49 19
35 50 83
35 51 54
35 52 27
35 53 73
35 54 98
35 55 72
35 56 78
35 57 39
35 58 16
35 59 44
35 60 19
35 61 42
35 62 71
35 63 20
35 64 7
35 65 15
35 66 77
35 67 40
35 68 54
35 69 58
35 70 24
35 71 100
35 72 40
35 73 24
35 74 82
35 75 51
35 76 86
35 77 85
35 78 46
35 79 81
35 80 5
35 81 5
35 82 99
35 83 6
35 84 96
35 85 42
35 86 31
35 87 0
35 88 73
35 89 1
35 90 93
35 91 53
35 92 82
35 93 44
35 94 61
35 95 17
36 37 63
36 38 99
36 39 47
36 40 26
36 41 66
36 42 50
36 43 37
36 44 1
36 45 50
36 46 51
36 47 74
36 48 66
36 49 15
36 50 96
36 51 73
36 52 77
36 53 73
36 54 53
36 55 75
36 56 63
36 57 48
36 58 93
36 59 5
36 60 93
36 61 99
36 62 42
36 63 71
36 64 79
36 65 41
36 66 36
36 67 23
36 68 96
36 69 2
36 70 99
36 71 63
36 72 33
36 73 58
36 74 66
36 75 63
36 76 35
36 77 95
36 78 44
36 79 5
36 80 50
36 81 25
36 82 31
36 83 6
36 84 65
36 85 95
36 86 98
36 87 23
36 88 88
36 89 12
36 90 72
36 91 47
36 92 44
36 93 46
36 94 21
36 95 13
37 38 94
37 39 53
37 40 38
37 41 0
37 42 54
37 43 66
37 44 14
37 45 80
37 46 48
37 47 96
37 48 98
37 49 10
37 50 99
37 51 27
37 52 56
37 53 31
37 54 23
37 55 20
37 56 77
37 57 10
37 58 18
37 59 19
37 60 26
37 61 48
37 62 35
37 63 12
37 64 3
37 65 25
37 66 90
37 67 42
37 68 65
37 69 99
37 70 28
37 71 52
37 72 11
37 73 10
37 74 90
37 75 34
37 76 24
37 77 25
37 78 50
37 79 88
37 80 28
37 81 93
37 82 94
37 83 76
37 84 5
37 85 13
37 86 51
37 87 8
37 88 78
37 89 82
37 90 14
37 91 100
37 92 75
37 93 37
37 94 32
37 95 63
38 39 71
38 40 75
38 41 81
38 42 51
38 43 18
38 44 12
38 45 40
38 46 94
38 47 15
38 48 64
38 49 26
38 50 30
38 51 21
38 52 15
38 53 87
38 54 12
38 55 36
38 56 11
38 57 86
38 58 56
38 59 94
38 60 24
38 61 11
38 62 32
38 63 44
38 64 42
38 65 84
38 66 28
38 67 80
38 68 81
38 69 53
38 70 32
38 71 3
38 72 16
38 73 97
38 74 100
38 75 61
38 76 45
38 77 41
38 78 2
38 79 40
38 80 53
38 81 95
38 82 82
38 83 26
38 84 92
38 85 100
38 86 18
38 87 94
38 88 41
38 89 33
38 90 16
38 91 41
38 92 43
38 93 53
38 94 25
38 95 40
39 40 73
39 41 79
39 42 97
39 43 7
39 44 12
39 45 80
39 46 70
39 47 69
39 48 70
39 49 19
39 50 4
39 51 6
39 52 10
39 53 9
39 54 66
39 55 54
39 56 71
39 57 26
39 58 63
39 59 13
39 60 40
39 61 82
39 62 46
39 63 8
39 64 73
39 65 50
39 66 8
39 67 39
39 68 64
39 69 63
39 70 93
39 71 46
39 72 4
39 73 86
39 74 90
39 75 11
39 76 77
39 77 28
39 78 57
39 79 97
39 80 13
39 81 20
39 82 29
39 83 16
39 84 39
39 85 83
39 86 78
39 87 86
39 88 31
39 89 8
39 90 91
39 91 7
39 92 71
39 93 78
39 94 12
39 95 38
40 41 66
40 42 53
40 43 31
40 44 70
40 45 100
40 46 35
40 47 35
40 48 40
40 49 13
40 50 70
40 51 25
40 52 76
40 53 42
40 54 74
40 55 52
40 56 19
40 57 40
40 58 5
40 59 19
40 60 83
40 61 51
40 62 2
40 63 95
40 64 52
40 65 78
40 66 36
40 67 88
40 68 81
40 69 65
40 70 64
40 71 35
40 72 69
40 73 3
40 74 72
40 75 3
40 76 96
40 77 48
40 78 8
40 79 19
40 80 74
40 81 42
40 82 11
40 83 48
40 84 48
40 85 55
40 86 79
40 87 95
40 88 39
40 89 11
40 90 22
40 91 95
40 92 92
40 93 97
40 94 85
40 95 89
41 42 86
41 43 42
41 44 0
41 45 82
41 46 47
41 47 5
41 48 95
41 49 64
41 50 89
41 51 71
41 52 23
41 53 41
41 54 12
41 55 3
41 56 61
41 57 61
41 58 68
41 59 59
41 60 3
41 61 97
41 62 73
41 63 26
41 64 9
41 65 32
41 66 68
41 67 66
41 68 47
41 69 43
41 70 90
41 71 36
41 72 46
41 73 100
41 74 32
41 75 38
41 76 63
41 77 9
41 78 69
41 79 39
41 80 40
41 81 33
41 82 16
41 83 6
41 84 42
41 85 32
41 86 95
41 87 11
41 88 66
41 89 45
41 90 14
41 91 82
41 92 85
41 93 83
41 94 70
41 95 60
42 43 82
42 44 24
42 45 74
42 46 56
42 47 89
42 48 26
42 49 45
42 50 56
42 51 44
42 52 66
42 53 8
42 54 30
42 55 5
42 56 70
42 57 43
42 58 98
42 59 68
42 60 55
42 61 16
42 62 62
42 63 74
42 64 48
42 65 13
42 66 6
42 67 70
42 68 80
42 69 69
42 70 43
42 71 24
42 72 56
42 73 54
42 74 40
42 75 88
42 76 37
42 77 13
42 78 1
42 79 29
42 80 19
42 81 55
42 82 19
42 83 14
42 84 10
42 85 2
42 86 52
42 87 54
42 88 97
42 89 28
42 90 31
42 91 72
42 92 13
42 93 67
42 94 92
42 95 46
43 44 22
43 45 46
43 46 28
43 47 4
43 48 71
43 49 11
43 50 48
43 51 47
43 52 96
43 53 68
43 54 64
43 55 63
43 56 33
43 57 38
43 58 54
43 59 9
43 60 70
43 61 79
43 62 94
43 63 31
43 64 3
43 65 6
43 66 31
43 67 82
43 68 40
43 69 11
43 70 14
43 71 22
43 72 74
43 73 46
43 74 86
43 75 12
43 76 65
43 77 52
43 78 62
43 79 34
43 80 19
43 81 92
43 82 98
43 83 0
43 84 45
43 85 33
43 86 49
43 87 30
43 88 28
43 89 97
43 90 47
43 91 39
43 92 39
43 93 22
43 94 14
43 95 86
44 45 60
44 46 72
44 47 72
44 48 14
44 49 79
44 50 31
44 51 4
44 52 26
44 53 22
44 54 82
44 55 29
44 56 36
44 57 6
44 58 55
44 59 26
44 60 28
44 61 10
44 62 42
44 63 66
44 64 83
44 65 50
44 66 56
44 67 12
44 68 65
44 69 7
44 70 92
44 71 33
44 72 4
44 73 49
44 74 9
44 75 66
44 76 94
44 77 35
44 78 84
44 79 57
44 80 16
44 81 84
44 82 65
44 83 6
44 84 57
44 85 8
44 86 99
44 87 31
44 88 23
44 89 49
44 90 62
44 91 100
44 92 87
44 93 63
44 94 26
44 95 61
45 46 27
45 47 49
45 48 87
45 49 99
45 50 98
45 51 67
45 52 12
45 53 5
45 54 46
45 55 55
45 56 27
45 57 98
45 58 62
45 59 93
45 60 75
45 61 41
45 62 18
45 63 63
45 64 13
45 65 67
45 66 72
45 67 74
45 68 61
45 69 57
45 70 91
45 71 41
45 72 5
45 73 70
45 74 86
45 75 23
45 76 47
45 77 34
45 78 75
45 79 73
45 80 99
45 81 97
45 82 64
45 83 97
45 84 62
45 85 42
45 86 45
45 87 58
45 88 50
45 89 13
45 90 13
45 91 66
45 92 77
45 93 77
45 94 7
45 95 16
46 47 71
46 48 51
46 49 59
46 50 63
46 51 34
46 52 39
46 53 46
46 54 11
46 55 60
46 56 4
46 57 79
46 58 77
46 59 72
46 60 94
46 61 38
46 62 2
46 63 39
46 64 79
46 65 62
46 66 98
46 67 78
46 68 9
46 69 77
46 70 84
46 71 94
46 72 5
46 73 93
46 74 41
46 75 78
46 76 27
46 77 49
46 78 37
46 79 17
46 80 87
46 81 13
46 82 29
46 83 96
46 84 34
46 85 17
46 86 22
46 87 1
46 88 35
46 89 58
46 90 51
46 91 51
46 92 74
46 93 4
46 94 85
46 95 35
47 48 81
47 49 89
47 50 79
47 51 64
47 52 56
47 53 87
47 54 83
47 55 97
47 56 2
47 57 10
47 58 27
47 59 90
47 60 95
47 61 21
47 62 1
47 63 17
47 64 30
47 65 83
47 66 53
47 67 67
47 68 2
47 69 92
47 70 94
47 71 86
47 72 46
47 73 15
47 74 76
47 75 14
47 76 21
47 77 64
47 78 68
47 79 79
47 80 14
47 81 44
47 82 79
47 83 50
47 84 89
47 85 93
47 86 1
47 87 0
47 88 91
47 89 2
47 90 89
47 91 18
47 92 18
47 93 80
47 94 18
47 95 39
48 49 2
48 50 88
48 51 89
48 52 41
48 53 84
48 54 36
48 55 57
48 56 80
48 57 83
48 58 43
48 59 65
48 60 23
48 61 89
48 62 71
48 63 95
48 64 89
48 65 13
48 66 87
48 67 67
48 68 66
48 69 61
48 70 87
48 71 45
48 72 50
48 73 59
48 74 89
48 75 16
48 76 85
48 77 81
48 78 12
48 79 87
48 80 11
48 81 49
48 82 55
48 83 3
48 84 26
48 85 43
48 86 63
48 87 19
48 88 96
48 89 99
48 90 24
48 91 61
48 92 35
48 93 6
48 94 26
48 95 77
49 50 55
49 51 69
49 52 95
49 53 27
49 54 50
49 55 41
49 56 80
49 57 44
49 58 91
49 59 56
49 60 43
49 61 62
49 62 75
49 63 50
49 64 52
49 65 41
49 66 90
49 67 70
49 68 25
49 69 7
49 70 17
49 71 46
49 72 11
49 73 37
49 74 30
49 75 73
49 76 78
49 77 82
49 78 56
49 79 73
49 80 72
49 81 44
49 82 51
49 83 65
49 84 100
49 85 52
49 86 32
49 87 55
49 88 73
49 89 69
49 90 13
49 91 5
49 92 16
49 93 69
49 94 40
49 95 31
50 51 83
50 52 86
50 53 97
50 54 87
50 55 50
50 56 5
50 57 70
50 58 45
50 59 88
50 60 89
50 61 10
50 62 37
50 63 70
50 64 49
50 65 31
50 66 24
50 67 32
50 68 60
50 69 11
50 70 44
50 71 97
50 72 11
50 73 20
50 74 98
50 75 6
50 76 47
50 77 84
50 78 71
50 79 14
50 80 84
50 81 2
50 82 3
50 83 37
50 84 61
50 85 11
50 86 86
50 87 31
50 88 44
50 89 74
50 90 1
50 91 86
50 92 67
50 93 6
50 94 88
50 95 43
51 52 26
51 53 41
51 54 56
51 55 76
51 56 38
51 57 10
51 58 49
51 59 49
51 60 83
51 61 54
51 62 81
51 63 35
51 64 15
51 65 3
51 66 43
51 67 82
51 68 69
51 69 76
51 70 23
51 71 21
51 72 2
51 73 9
51 74 70
51 75 67
51 76 16
51 77 87
51 78 65
51 79 1
51 80 96
51 81 69
51 82 93
51 83 74
51 84 79
51 85 57
51 86 95
51 87 33
51 88 79
51 89 26
51 90 8
51 91 88
51 92 46
51 93 39
51 94 68
51 95 40
52 53 41
52 54 71
52 55 77
52 56 75
52 57 55
52 58 45
52 59 4
52 60 84
52 61 59
52 62 15
52 63 67
52 64 53
52 65 30
52 66 61
52 67 83
52 68 52
52 69 88
52 70 87
52 71 21
52 72 94
52 73 9
52 74 62
52 75 70
52 76 60
52 77 40
52 78 5
52 79 59
52 80 38
52 81 56
52 82 54
52 83 62
52 84 64
52 85 7
52 86 66
52 87 94
52 88 98
52 89 92
52 90 30
52 91 97
52 92 6
52 93 60
52 94 8
52 95 81
53 54 35
53 55 84
53 56 35
53 57 64
53 58 37
53 59 70
53 60 21
53 61 68
53 62 23
53 63 39
53 64 6
53 65 10
53 66 43
53 67 17
53 68 74
53 69 89
53 70 77
53 71 39
53 72 24
53 73 82
53 74 65
53 75 71
53 76 99
53 77 57
53 78 87
53 79 48
53 80 56
53 81 44
53 82 75
53 83 45
53 84 93
53 85 6
53 86 20
53 87 85
53 88 21
53 89 85
53 90 72
53 91 93
53 92 26
53 93 86
53 94 18
53 95 92
54 55 26
54 56 97
54 57 33
54 58 92
54 59 24
54 60 89
54 61 95
54 62 55
54 63 41
54 64 38
54 65 15
54 66 10
54 67 19
54 68 59
54 69 96
54 70 88
54 71 8
54 72 65
54 73 32
54 74 48
54 75 36
54 76 43
54 77 1
54 78 8
54 79 39
54 80 78
54 81 84
54 82 100
54 83 87
54 84 58
54 85 12
54 86 98
54 87 83
54 88 54
54 89 64
54 90 5
54 91 50
54 92 54
54 93 2
54 94 33
54 95 99
55 56 80
55 57 96
55 58 1
55 59 62
55 60 19
55 61 14
55 62 83
55 63 6
55 64 54
55 65 17
55 66 77
55 67 57
55 68 50
55 69 38
55 70 93
55 71 3
55 72 78
55 73 77
55 74 68
55 75 34
55 76 10
55 77 84
55 78 69
55 79 8
55 80 79
55 81 84
55 82 1
55 83 20
55 84 74
55 85 94
55 86 60
55 87 12
55 88 1
55 89 35
55 90 22
55 91 96
55 92 43
55 93 89
55 94 21
55 95 37
56 57 66
56 58 86
56 59 78
56 60 47
56 61 40
56 62 13
56 63 59
56 64 85
56 65 14
56 66 40
56 67 49
56 68 30
56 69 6
56 70 88
56 71 59
56 72 79
56 73 17
56 74 56
56 75 56
56 76 35
56 77 8
56 78 37
56 79 30
56 80 70
56 81 82
56 82 50
56 83 19
56 84 63
56 85 97
56 86 15
56 87 56
56 88 53
56 89 43
56 90 16
56 91 8
56 92 53
56 93 91
56 94 52
56 95 88
57 58 80
57 59 92
57 60 15
57 61 80
57 62 54
57 63 18
57 64 43
57 65 59
57 66 95
57 67 37
57 68 85
57 69 50
57 70 52
57 71 87
57 72 68
57 73 73
57 74 88
57 75 58
57 76 52
57 77 94
57 78 100
57 79 29
57 80 96
57 81 44
57 82 85
57 83 18
57 84 78
57 85 11
57 86 92
57 87 22
57 88 48
57 89 21
57 90 20
57 91 54
57 92 74
57 93 53
57 94 55
57 95 67
58 59 36
58 60 85
58 61 65
58 62 17
58 63 89
58 64 94
58 65 12
58 66 60
58 67 77
58 68 73
58 69 17
58 70 20
58 71 56
58 72 55
58 73 7
58 74 48
58 75 20
58 76 96
58 77 98
58 78 69
58 79 74
58 80 71
58 81 76
58 82 41
58 83 51
58 84 100
58 85 71
58 86 62
58 87 90
58 88 60
58 89 99
58 90 65
58 91 29
58 92 65
58 93 35
58 94 94
58 95 93
59 60 41
59 61 26
59 62 18
59 63 33
59 64 1
59 65 5
59 66 48
59 67 41
59 68 58
59 69 45
59 70 67
59 71 37
59 72 59
59 73 48
59 74 62
59 75 49
59 76 94
59 77 44
59 78 88
59 79 60
59 80 64
59 81 11
59 82 37
59 83 5
59 84 95
59 85 83
59 86 35
59 87 91
59 88 26
59 89 90
59 90 74
59 91 3
59 92 19
59 93 81
59 94 66
59 95 19
60 61 83
60 62 80
60 63 89
60 64 81
60 65 45
60 66 59
60 67 55
60 68 13
60 69 92
60 70 6
60 71 66
60 72 31
60 73 95
60 74 44
60 75 50
60 76 66
60 77 62
60 78 73
60 79 55
60 80 57
60 81 85
60 82 42
60 83 34
60 84 34
60 85 18
60 86 73
60 87 50
60 88 75
60 89 59
60 90 86
60 91 11
60 92 22
60 93 30
60 94 37
60 95 22
61 62 75
61 63 56
61 64 1
61 65 64
61 66 49
61 67 45
61 68 10
61 69 10
61 70 17
61 71 24
61 72 32
61 73 42
61 74 94
61 75 70
61 76 57
61 77 1
61 78 45
61 79 58
61 80 19
61 81 23
61 82 20
61 83 22
61 84 89
61 85 32
61 86 46
61 87 5
61 88 54
61 89 53
61 90 4
61 91 28
61 92 45
61 93 33
61 94 36
61 95 28
62 63 46
62 64 45
62 65 26
62 66 55
62 67 11
62 68 28
62 69 35
62 70 25
62 71 92
62 72 84
62 73 86
62 74 9
62 75 26
62 76 74
62 77 19
62 78 92
62 79 32
62 80 66
62 81 67
62 82 93
62 83 62
62 84 38
62 85 92
62 86 18
62 87 73
62 88 100
62 89 40
62 90 70
62 91 3
62 92 47
62 93 0
62 94 62
62 95 68
63 64 13
63 65 69
63 66 43
63 67 46
63 68 70
63 69 91
63 70 84
63 71 48
63 72 37
63 73 89
63 74 22
63 75 14
63 76 95
63 77 51
63 78 55
63 79 13
63 80 49
63 81 48
63 82 61
63 83 39
63 84 16
63 85 50
63 86 53
63 87 45
63 88 90
63 89 24
63 90 26
63 91 78
63 92 87
63 93 81
63 94 13
63 95 13
64 65 99
64 66 3
64 67 57
64 68 74
64 69 66
64 70 65
64 71 69
64 72 32
64 73 27
64 74 100
64 75 44
64 76 60
64 77 93
64 78 2
64 79 70
64 80 38
64 81 53
64 82 0
64 83 48
64 84 99
64 85 31
64 86 14
64 87 72
64 88 12
64 89 7
64 90 74
64 91 81
64 92 42
64 93 26
64 94 76
64 95 59
65 66 69
65 67 1
65 68 38
65 69 2
65 70 25
65 71 91
65 72 22
65 73 68
65 74 5
65 75 64
65 76 8
65 77 86
65 78 42
65 79 53
65 80 68
65 81 15
65 82 94
65 83 7
65 84 13
65 85 83
65 86 53
65 87 64
65 88 94
65 89 75
65 90 35
65 91 11
65 92 42
65 93 22
65 94 82
65 95 50
66 67 83
66 68 58
66 69 19
66 70 8
66 71 64
66 72 36
66 73 79
66 74 100
66 75 29
66 76 93
66 77 11
66 78 62
66 79 43
66 80 7
66 81 11
66 82 77
66 83 33
66 84 62
66 85 77
66 86 99
66 87 74
66 88 48
66 89 36
66 90 97
66 91 51
66 92 82
66 93 4
66 94 45
66 95 74
67 68 50
67 69 22
67 70 6
67 71 21
67 72 78
67 73 10
67 74 59
67 75 67
67 76 64
67 77 92
67 78 55
67 79 13
67 80 64
67 81 69
67 82 11
67 83 86
67 84 86
67 85 85
67 86 25
67 87 0
67 88 70
67 89 0
67 90 17
67 91 100
67 92 33
67 93 96
67 94 92
67 95 79
68 69 89
68 70 10
68 71 8
68 72 54
68 73 1
68 74 6
68 75 34
68 76 13
68 77 2
68 78 48
68 79 90
68 80 41
68 81 92
68 82 78
68 83 47
68 84 19
68 85 14
68 86 15
68 87 47
68 88 70
68 89 80
68 90 80
68 91 14
68 92 33
68 93 0
68 94 86
68 95 50
69 70 78
69 71 19
69 72 9
69 73 49
69 74 59
69 75 25
69 76 42
69 77 64
69 78 28
69 79 18
69 80 15
69 81 4
69 82 36
69 83 38
69 84 26
69 85 44
69 86 53
69 87 92
69 88 46
69 89 40
69 90 15
69 91 43
69 92 45
69 93 7
69 94 45
69 95 24
70 71 69
70 72 16
70 73 76
70 74 11
70 75 2
70 76 20
70 77 69
70 78 25
70 79 42
70 80 84
70 81 84
70 82 75
70 83 25
70 84 31
70 85 79
70 86 56
70 87 89
70 88 90
70 89 86
70 90 15
70 91 94
70 92 23
70 93 29
70 94 45
70 95 47
71 72 48
71 73 68
71 74 87
71 75 44
71 76 54
71 77 4
71 78 47
71 79 96
71 80 19
71 81 71
71 82 3
71 83 14
71 84 70
71 85 10
71 86 77
71 87 57
71 88 55
71 89 75
71 90 97
71 91 33
71 92 38
71 93 40
71 94 27
71 95 45
72 73 62
72 74 75
72 75 72
72 76 2
72 77 59
72 78 80
72 79 29
72 80 32
72 81 91
72 82 62
72 83 37
72 84 62
72 85 53
72 86 19
72 87 11
72 88 60
72 89 63
72 90 14
72 91 3
72 92 15
72 93 22
72 94 69
72 95 41
73 74 78
73 75 52
73 76 22
73 77 91
73 78 84
73 79 17
73 80 27
73 81 44
73 82 68
73 83 37
73 84 15
73 85 76
73 86 1
73 87 46
73 88 99
73 89 48
73 90 99
73 91 21
73 92 57
73 93 5
73 94 17
73 95 77
74 75 46
74 76 17
74 77 9
74 78 80
74 79 100
74 80 86
74 81 4
74 82 35
74 83 8
74 84 88
74 85 0
74 86 11
74 87 90
74 88 31
74 89 37
74 90 17
74 91 21
74 92 48
74 93 85
74 94 43
74 95 7
75 76 100
75 77 8
75 78 41
75 79 92
75 80 61
75 81 54
75 82 1
75 83 23
75 84 43
75 85 95
75 86 97
75 87 4
75 88 13
75 89 43
75 90 8
75 91 78
75 92 88
75 93 1
75 94 30
75 95 82
76 77 85
76 78 72
76 79 63
76 80 11
76 81 0
76 82 28
76 83 11
76 84 89
76 85 77
76 86 92
76 87 8
76 88 26
76 89 60
76 90 30
76 91 14
76 92 55
76 93 3
76 94 75
76 95 70
77 78 59
77 79 21
77 80 86
77 81 9
77 82 27
77 83 26
77 84 86
77 85 100
77 86 27
77 87 40
77 88 88
77 89 6
77 90 22
77 91 37
77 92 68
77 93 29
77 94 97
77 95 0
78 79 34
78 80 53
78 81 58
78 82 21
78 83 24
78 84 23
78 85 6
78 86 69
78 87 58
78 88 97
78 89 1
78 90 19
78 91 63
78 92 22
78 93 88
78 94 71
78 95 41
79 80 93
79 81 5
79 82 25
79 83 11
79 84 30
79 85 12
79 86 88
79 87 23
79 88 27
79 89 79
79 90 41
79 91 97
79 92 18
79 93 19
79 94 23
79 95 12
80 81 13
80 82 61
80 83 71
80 84 93
80 85 84
80 86 29
80 87 71
80 88 32
80 89 26
80 90 90
80 91 39
80 92 47
80 93 48
80 94 4
80 95 21
81 82 20
81 83 37
81 84 47
81 85 87
81 86 52
81 87 46
81 88 53
81 89 45
81 90 76
81 91 70
81 92 70
81 93 29
81 94 9
81 95 97
82 83 51
82 84 94
82 85 18
82 86 40
82 87 32
82 88 39
82 89 16
82 90 31
82 91 25
82 92 52
82 93 63
82 94 77
82 95 77
83 84 21
83 85 95
83 86 82
83 87 57
83 88 97
83 89 91
83 90 30
83 91 95
83 92 48
83 93 55
83 94 29
83 95 85
84 85 1
84 86 73
84 87 25
84 88 4
84 89 15
84 90 55
84 91 39
84 92 84
84 93 57
84 94 61
84 95 35
85 86 70
85 87 83
85 88 68
85 89 42
85 90 57
85 91 32
85 92 98
85 93 7
85 94 23
85 95 78
86 87 92
86 88 10
86 89 96
86 90 73
86 91 17
86 92 93
86 93 54
86 94 87
86 95 47
87 88 94
87 89 98
87 90 16
87 91 20
87 92 12
87 93 44
87 94 73
87 95 79
88 89 6
88 90 70
88 91 75
88 92 77
88 93 81
88 94 89
88 95 35
89 90 87
89 91 25
89 92 29
89 93 93
89 94 55
89 95 88
90 91 46
90 92 86
90 93 70
90 94 31
90 95 75
91 92 98
91 93 10
91 94 25
91 95 80
92 93 10
92 94 98
92 95 71
93 94 4
93 95 72
94 95 14
