98 4753
1 2 96
1 3 36
1 4 92
1 5 37
1 6 75
1 7 69
1 8 99
1 9 82
1 10 98
1 11 65
1 12 88
1 13 2
1 14 11
1 15 92
1 16 17
1 17 79
1 18 26
1 19 91
1 20 28
1 21 55
1 22 32
1 23 30
1 24 76
1 25 36
1 26 18
1 27 34
1 28 28
1 29 77
1 30 0
1 31 13
1 32 83
1 33 45
1 34 59
1 35 78
1 36 71
1 37 30
1 38 9
1 39 91
1 40 35
1 41 55
1 42 60
1 43 25
1 44 92
1 45 64
1 46 29
1 47 75
1 48 85
1 49 71
1 50 6
1 51 79
1 52 12
1 53 91
1 54 64
1 55 55
1 56 37
1 57 73
1 58 32
1 59 56
1 60 19
1 61 71
1 62 1
1 63 50
1 64 63
1 65 42
1 66 49
1 67 56
1 68 10
1 69 87
1 70 14
1 71 35
1 72 49
1 73 26
1 74 61
1 75 31
1 76 97
1 77 89
1 78 44
1 79 15
1 80 93
1 81 96
1 82 97
1 83 58
1 84 50
1 85 69
1 86 40
1 87 30
1 88 100
1 89 62
1 90 89
1 91 53
1 92 87
1 93 70
1 94 56
1 95 100
1 96 60
1 97 25
1 98 42
2 3 9
2 4 59
2 5 12
2 6 59
2 7 38
2 8 54
2 9 22
2 10 91
2 11 67
2 12 35
2 13 14
2 14 84
2 15 5
2 16 53
2 17 7
2 18 44
2 19 93
2 20 33
2 21 27
2 22 59
2 23 5
2 24 54
2 25 87
2 26 47
2 27 95
2 28 90
2 29 13
2 30 29
2 31 17
2 32 43
2 33 71
2 34 40
2 35 74
2 36 57
2 37 83
2 38 42
2 39 56
2 40 75
2 41 86
2 42 17
2 43 15
2 44 36
2 45 58
2 46 32
2 47 22
2 48 48
2 49 83
2 50 9
2 51 95
2 52 44
2 53 32
2 54 55
2 55 43
2 56 19
2 57 98
2 58 28
2 59 56
2 60 46
2 61 82
2 62 11
2 63 15
2 64 10
2 65 83
2 66 12
2 67 3
2 68 71
2 69 5
2 70 44
2 71 2
2 72 95
2 73 92
2 74 27
2 75 14
2 76 95
2 77 33
2 78 94
2 79 98
2 80 17
2 81 71
2 82 98
2 83 47
2 84 53
2 85 66
2 86 43
2 87 54
2 88 74
2 89 43
2 90 96
2 91 55
2 92 100
2 93 7
2 94 96
2 95 28
2 96 72
2 97 15
2 98 12
3 4 78
3 5 80
3 6 89
3 7 53
3 8 21
3 9 81
3 10 9
3 11 70
3 12 51
3 13 76
3 14 67
3 15 93
3 16 70
3 17 80
3 18 84
3 19 39
3 20 99
3 21 9
3 22 83
3 23 30
3 24 36
3 25 36
3 26 2
3 27 74
3 28 8
3 29 52
3 30 68
3 31 45
3 32 72
3 33 96
3 34 68
3 35 78
3 36 28
3 37 14
3 38 80
3 39 8
3 40 53
3 41 96
3 42 2
3 43 94
3 44 18
3 45 15
3 46 38
3 47 54
3 48 73
3 49 73
3 50 72
3 51 47
3 52 61
3 53 28
3 54 42
3 55 15
3 56 35
3 57 18
3 58 33
3 59 3
3 60 27
3 61 68
3 62 46
3 63 39
3 64 35
3 65 46
3 66 5
3 67 81
3 68 10
3 69 48
3 70 40
3 71 55
3 72 8
3 73 68
3 74 23
3 75 73
3 76 48
3 77 46
3 78 12
3 79 7
3 80 3
3 81 57
3 82 75
3 83 71
3 84 62
3 85 58
3 86 54
3 87 26
3 88 53
3 89 21
3 90 81
3 91 26
3 92 78
3 93 96
3 94 48
3 95 27
3 96 74
3 97 42
3 98 28
4 5 78
4 6 47
4 7 66
4 8 84
4 9 86
4 10 11
4 11 94
4 12 20
4 13 51
4 14 85
4 15 51
4 16 83
4 17 2
4 18 52
4 19 54
4 20 94
4 21 83
4 22 20
4 23 91
4 24 87
4 25 24
4 26 86
4 27 95
4 28 15
4 29 23
4 30 23
4 31 96
4 32 22
4 33 85
4 34 84
4 35 58
4 36 86
4 37 12
4 38 35
4 39 1
4 40 1
4 41 96
4 42 64
4 43 4
4 44 5
4 45 17
4 46 26
4 47 25
4 48 94
4 49 58
4 50 56
4 51 30
4 52 0
4 53 54
4 54 95
4 55 30
4 56 54
4 57 77
4 58 11
4 59 2
4 60 75
4 61 18
4 62 34
4 63 50
4 64 12
4 65 78
4 66 75
4 67 8
4 68 93
4 69 8
4 70 22
4 71 24
4 72 93
4 73 17
4 74 86
4 75 84
4 76 36
4 77 23
4 78 10
4 79 12
4 80 95
4 81 68
4 82 4
4 83 93
4 84 90
4 85 56
4 86 14
4 87 64
4 88 58
4 89 75
4 90 27
4 91 100
4 92 28
4 93 29
4 94 41
4 95 41
4 96 67
4 97 33
4 98 84
5 6 0
5 7 78
5 8 95
5 9 18
5 10 52
5 11 4
5 12 81
5 13 78
5 14 65
5 15 91
5 16 20
5 17 33
5 18 22
5 19 3
5 20 67
5 21 7
5 22 13
5 23 78
5 24 60
5 25 93
5 26 18
5 27 48
5 28 13
5 29 56
5 30 17
5 31 89
5 32 7
5 33 10
5 34 95
5 35 85
5 36 100
5 37 70
5 38 32
5 39 30
5 40 71
5 41 31
5 42 2
5 43 40
5 44 65
5 45 56
5 46 28
5 47 89
5 48 55
5 49 9
5 50 94
5 51 86
5 52 78
5 53 12
5 54 71
5 55 76
5 56 55
5 57 69
5 58 95
5 59 78
5 60 17
5 61 44
5 62 93
5 63 31
5 64 2
5 65 15
5 66 58
5 67 1
5 68 80
5 69 81
5 70 7
5 71 72
5 72 80
5 73 4
5 74 96
5 75 45
5 76 10
5 77 22
5 78 63
5 79 45
5 80 5
5 81 43
5 82 12
5 83 44
5 84 12
5 85 45
5 86 38
5 87 5
5 88 49
5 89 47
5 90 96
5 91 13
5 92 11
5 93 52
5 94 0
5 95 51
5 96 49
5 97 44
5 98 37
6 7 30
6 8 37
6 9 32
6 10 81
6 11 35
6 12 91
6 13 22
6 14 19
6 15 7
6 16 8
6 17 45
6 18 25
6 19 77
6 20 95
6 21 68
6 22 52
6 23 21
6 24 96
6 25 86
6 26 52
6 27 68
6 28 41
6 29 66
6 30 60
6 31 75
6 32 40
6 33 92
6 34 67
6 35 34
6 36 86
6 37 61
6 38 45
6 39 94
6 40 68
6 41 15
6 42 43
6 43 81
6 44 34
6 45 6
6 46 58
6 47 37
6 48 54
6 49 50
6 50 48
6 51 63
6 52 80
6 53 21
6 54 50
6 55 25
6 56 22
6 57 74
6 58 18
6 59 80
6 60 59
6 61 73
6 62 69
6 63 7
6 64 94
6 65 6
6 66 85
6 67 38
6 68 0
6 69 71
6 70 26
6 71 36
6 72 21
6 73 98
6 74 13
6 75 82
6 76 61
6 77 8
6 78 94
6 79 60
6 80 50
6 81 23
6 82 52
6 83 68
6 84 72
6 85 14
6 86 61
6 87 35
6 88 100
6 89 75
6 90 78
6 91 11
6 92 50
6 93 69
6 94 69
6 95 97
6 96 26
6 97 78
6 98 34
7 8 63
7 9 43
7 10 21
7 11 79
7 12 61
7 13 7
7 14 87
7 15 95
7 16 46
7 17 10
7 18 75
7 19 31
7 20 71
7 21 47
7 22 95
7 23 59
7 24 20
7 25 7
7 26 55
7 27 30
7 28 55
7 29 69
7 30 65
7 31 83
7 32 70
7 33 73
7 34 39
7 35 27
7 36 8
7 37 24
7 38 49
7 39 87
7 40 24
7 41 13
7 42 84
7 43 0
7 44 82
7 45 46
7 46 3
7 47 33
7 48 66
7 49 28
7 50 91
7 51 46
7 52 73
7 53 73
7 54 66
7 55 54
7 56 3
7 57 34
7 58 90
7 59 100
7 60 3
7 61 59
7 62 39
7 63 5
7 64 56
7 65 33
7 66 93
7 67 7
7 68 60
7 69 81
7 70 65
7 71 43
7 72 94
7 73 78
7 74 50
7 75 87
7 76 75
7 77 62
7 78 39
7 79 89
7 80 86
7 81 7
7 82 66
7 83 69
7 84 41
7 85 89
7 86 21
7 87 90
7 88 88
7 89 86
7 90 37
7 91 30
7 92 62
7 93 23
7 94 74
7 95 21
7 96 82
7 97 94
7 98 15
8 9 86
8 10 36
8 11 77
8 12 96
8 13 13
8 14 67
8 15 1
8 16 92
8 17 20
8 18 64
8 19 81
8 20 9
8 21 19
8 22 74
8 23 92
8 24 50
8 25 16
8 26 96
8 27 23
8 28 75
8 29 47
8 30 72
8 31 44
8 32 29
8 33 95
8 34 21
8 35 99
8 36 31
8 37 72
8 38 49
8 39 91
8 40 22
8 41 77
8 42 77
8 43 16
8 44 43
8 45 98
8 46 90
8 47 37
8 48 53
8 49 77
8 50 90
8 51 78
8 52 72
8 53 18
8 54 46
8 55 74
8 56 35
8 57 25
8 58 78
8 59 4
8 60 45
8 61 7
8 62 27
8 63 53
8 64 17
8 65 63
8 66 73
8 67 56
8 68 93
8 69 16
8 70 12
8 71 72
8 72 13
8 73 24
8 74 25
8 75 98
8 76 49
8 77 45
8 78 65
8 79 79
8 80 50
8 81 57
8 82 21
8 83 60
8 84 12
8 85 29
8 86 76
8 87 50
8 88 95
8 89 93
8 90 65
8 91 10
8 92 74
8 93 66
8 94 10
8 95 52
8 96 12
8 97 68
8 98 71
9 10 50
9 11 86
9 12 17
9 13 16
9 14 39
9 15 76
9 16 70
9 17 80
9 18 38
9 19 4
9 20 15
9 21 90
9 22 0
9 23 29
9 24 19
9 25 63
9 26 68
9 27 75
9 28 96
9 29 67
9 30 67
9 31 23
9 32 32
9 33 89
9 34 33
9 35 34
9 36 6
9 37 81
9 38 39
9 39 1
9 40 62
9 41 80
9 42 3
9 43 76
9 44 16
9 45 9
9 46 46
9 47 89
9 48 97
9 49 57
9 50 62
9 51 67
9 52 75
9 53 38
9 54 20
9 55 50
9 56 6
9 57 88
9 58 75
9 59 48
9 60 31
9 61 55
9 62 3
9 63 86
9 64 62
9 65 30
9 66 53
9 67 42
9 68 72
9 69 75
9 70 18
9 71 57
9 72 24
9 73 44
9 74 72
9 75 64
9 76 19
9 77 87
9 78 19
9 79 97
9 80 85
9 81 56
9 82 33
9 83 58
9 84 25
9 85 45
9 86 72
9 87 28
9 88 25
9 89 22
9 90 67
9 91 46
9 92 86
9 93 33
9 94 52
9 95 63
9 96 56
9 97 100
9 98 35
10 11 40
10 12 33
10 13 49
10 14 13
10 15 80
10 16 87
10 17 3
10 18 20
10 19 91
10 20 16
10 21 27
10 22 10
10 23 99
10 24 41
10 25 98
10 26 100
10 27 47
10 28 3
10 29 12
10 30 82
10 31 26
10 32 97
10 33 100
10 34 75
10 35 41
10 36 69
10 37 18
10 38 71
10 39 41
10 40 91
10 41 42
10 42 90
10 43 94
10 44 43
10 45 90
10 46 78
10 47 26
10 48 60
10 49 98
10 50 86
10 51 26
10 52 21
10 53 2
10 54 79
10 55 58
10 56 11
10 57 14
10 58 87
10 59 77
10 60 2
10 61 58
10 62 100
10 63 4
10 64 81
10 65 16
10 66 47
10 67 73
10 68 60
10 69 96
10 70 66
10 71 100
10 72 99
10 73 37
10 74 14
10 75 66
10 76 91
10 77 78
10 78 60
10 79 45
10 80 84
10 81 52
10 82 59
10 83 1
10 84 4
10 85 70
10 86 17
10 87 20
10 88 78
10 89 38
10 90 64
10 91 19
10 92 63
10 93 31
10 94 43
10 95 88
10 96 86
10 97 52
10 98 18
11 12 24
11 13 8
11 14 59
11 15 64
11 16 89
11 17 19
11 18 2
11 19 22
11 20 9
11 21 36
11 22 97
11 23 18
11 24 20
11 25 52
11 26 100
11 27 38
11 28 91
11 29 95
11 30 81
11 31 34
11 32 4
11 33 32
11 34 100
11 35 97
11 36 36
11 37 59
11 38 66
11 39 72
11 40 96
11 41 11
11 42 60
11 43 5
11 44 47
11 45 74
11 46 53
11 47 30
11 48 75
11 49 67
11 50 93
11 51 21
11 52 74
11 53 3
11 54 87
11 55 32
11 56 20
11 57 37
11 58 71
11 59 59
11 60 68
11 61 2
11 62 19
11 63 39
11 64 86
11 65 34
11 66 100
11 67 49
11 68 51
11 69 80
11 70 16
11 71 86
11 72 89
11 73 78
11 74 39
11 75 27
11 76 100
11 77 77
11 78 100
11 79 33
11 80 44
11 81 42
11 82 13
11 83 15
11 84 33
11 85 96
11 86 25
11 87 96
11 88 30
11 89 19
11 90 22
11 91 81
11 92 94
11 93 53
11 94 66
11 95 19
11 96 64
11 97 45
11 98 93
12 13 46
12 14 84
12 15 7
12 16 79
12 17 44
12 18 86
12 19 30
12 20 24
12 21 50
12 22 76
12 23 85
12 24 81
12 25 34
12 26 81
12 27 78
12 28 1
12 29 100
12 30 58
12 31 11
12 32 60
12 33 87
12 34 38
12 35 1
12 36 38
12 37 25
12 38 59
12 39 56
12 40 67
12 41 44
12 42 86
12 43 9
12 44 58
12 45 84
12 46 49
12 47 60
12 48 73
12 49 85
12 50 94
12 51 71
12 52 5
12 53 82
12 54 72
12 55 100
12 56 99
12 57 24
12 58 84
12 59 2
12 60 4
12 61 32
12 62 6
12 63 85
12 64 77
12 65 87
12 66 27
12 67 65
12 68 23
12 69 60
12 70 50
12 71 54
12 72 81
12 73 54
12 74 32
12 75 13
12 76 33
12 77 73
12 78 32
12 79 7
12 80 83
12 81 35
12 82 33
12 83 69
12 84 7
12 85 88
12 86 24
12 87 82
12 88 9
12 89 95
12 90 37
12 91 23
12 92 27
12 93 79
12 94 53
12 95 87
12 96 9
12 97 69
12 98 9
13 14 10
13 15 18
13 16 26
13 17 28
13 18 36
13 19 62
13 20 34
13 21 23
13 22 91
13 23 73
13 24 1
13 25 66
13 26 19
13 27 40
13 28 77
13 29 17
13 30 72
13 31 36
13 32 28
13 33 45
13 34 75
13 35 47
13 36 11
13 37 23
13 38 98
13 39 27
13 40 29
13 41 72
13 42 36
13 43 44
13 44 93
13 45 5
13 46 56
13 47 56
13 48 78
13 49 37
13 50 16
13 51 49
13 52 70
13 53 44
13 54 74
13 55 2
13 56 49
13 57 25
13 58 82
13 59 1
13 60 70
13 61 91
13 62 92
13 63 69
13 64 9
13 65 6
13 66 52
13 67 96
13 68 75
13 69 19
13 70 79
13 71 3
13 72 71
13 73 22
13 74 35
13 75 88
13 76 43
13 77 46
13 78 25
13 79 24
13 80 91
13 81 96
13 82 43
13 83 67
13 84 87
13 85 4
13 86 23
13 87 34
13 88 58
13 89 13
13 90 88
13 91 83
13 92 61
13 93 91
13 94 38
13 95 9
13 96 96
13 97 33
13 98 31
14 15 23
14 16 38
14 17 81
14 18 50
14 19 2
14 20 91
14 21 3
14 22 87
14 23 11
14 24 9
14 25 53
14 26 28
14 27 7
14 28 20
14 29 23
14 30 51
14 31 74
14 32 31
14 33 97
14 34 0
14 35 86
14 36 90
14 37 0
14 38 48
14 39 26
14 40 17
14 41 39
14 42 21
14 43 69
14 44 46
14 45 63
14 46 39
14 47 71
14 48 54
14 49 45
14 50 70
14 51 62
14 52 2
14 53 75
14 54 44
14 55 30
14 56 19
14 57 59
14 58 97
14 59 44
14 60 97
14 61 16
14 62 57
14 63 79
14 64 87
14 65 26
14 66 87
14 67 74
14 68 99
14 69 98
14 70 18
14 71 29
14 72 75
14 73 72
14 74 90
14 75 38
14 76 3
14 77 3
14 78 1
14 79 5
14 80 35
14 81 82
14 82 39
14 83 83
14 84 93
14 85 65
14 86 89
14 87 13
14 88 71
14 89 39
14 90 4
14 91 18
14 92 74
14 93 37
14 94 59
14 95 76
14 96 21
14 97 97
14 98 80
15 16 9
15 17 9
15 18 8
15 19 60
15 20 99
15 21 80
15 22 29
15 23 10
15 24 50
15 25 89
15 26 54
15 27 70
15 28 92
15 29 95
15 30 67
15 31 62
15 32 47
15 33 13
15 34 42
15 35 63
15 36 22
15 37 37
15 38 61
15 39 85
15 40 48
15 41 69
15 42 57
15 43 3
15 44 79
15 45 94
15 46 88
15 47 14
15 48 27
15 49 7
15 50 71
15 51 54
15 52 70
15 53 53
15 54 18
15 55 77
15 56 8
15 57 94
15 58 50
15 59 92
15 60 95
15 61 10
15 62 37
15 63 78
15 64 53
15 65 16
15 66 27
15 67 86
15 68 39
15 69 24
15 70 39
15 71 21
15 72 15
15 73 25
15 74 7
15 75 76
15 76 15
15 77 19
15 78 68
15 79 65
15 80 79
15 81 27
15 82 0
15 83 9
15 84 54
15 85 0
15 86 90
15 87 92
15 88 77
15 89 69
15 90 40
15 91 38
15 92 34
15 93 89
15 94 2
15 95 51
15 96 51
15 97 64
15 98 57
16 17 27
16 18 2
16 19 76
16 20 9
16 21 88
16 22 57
16 23 86
16 24 61
16 25 22
16 26 41
16 27 78
16 28 1
16 29 66
16 30 96
16 31 95
16 32 59
16 33 19
16 34 39
16 35 31
16 36 70
16 37 93
16 38 76
16 39 96
16 40 38
16 41 68
16 42 77
16 43 18
16 44 37
16 45 78
16 46 39
16 47 40
16 48 34
16 49 48
16 50 32
16 51 18
16 52 38
16 53 69
16 54 66
16 55 54
16 56 63
16 57 91
16 58 62
16 59 19
16 60 4
16 61 55
16 62 40
16 63 73
16 64 74
16 65 42
16 66 49
16 67 31
16 68 34
16 69 18
16 70 87
16 71 25
16 72 61
16 73 30
16 74 8
16 75 28
16 76 61
16 77 76
16 78 55
16 79 99
16 80 12
16 81 53
16 82 32
16 83 49
16 84 40
16 85 14
16 86 74
16 87 41
16 88 3
16 89 26
16 90 91
16 91 73
16 92 60
16 93 38
16 94 50
16 95 86
16 96 73
16 97 54
16 98 88
17 18 30
17 19 59
17 20 36
17 21 84
17 22 20
17 23 12
17 24 93
17 25 72
17 26 91
17 27 87
17 28 64
17 29 15
17 30 9
17 31 77
17 32 40
17 33 24
17 34 66
17 35 10
17 36 79
17 37 43
17 38 20
17 39 66
17 40 19
17 41 93
17 42 64
17 43 84
17 44 13
17 45 89
17 46 66
17 47 49
17 48 30
17 49 82
17 50 1
17 51 7
17 52 66
17 53 33
17 54 77
17 55 25
17 56 65
17 57 75
17 58 99
17 59 16
17 60 97
17 61 32
17 62 64
17 63 55
17 64 41
17 65 56
17 66 32
17 67 6
17 68 40
17 69 19
17 70 85
17 71 14
17 72 57
17 73 44
17 74 40
17 75 28
17 76 100
17 77 32
17 78 25
17 79 69
17 80 24
17 81 69
17 82 55
17 83 27
17 84 59
17 85 70
17 86 46
17 87 23
17 88 64
17 89 34
17 90 30
17 91 54
17 92 3
17 93 63
17 94 15
17 95 68
17 96 77
17 97 13
17 98 26
18 19 57
18 20 83
18 21 26
18 22 21
18 23 64
18 24 40
18 25 19
18 26 70
18 27 82
18 28 11
18 29 57
18 30 62
18 31 7
18 32 31
18 33 24
18 34 97
18 35 34
18 36 5
18 37 56
18 38 28
18 39 65
18 40 35
18 41 21
18 42 76
18 43 22
18 44 83
18 45 45
18 46 28
18 47 25
18 48 12
18 49 0
18 50 57
18 51 94
18 52 80
18 53 39
18 54 13
18 55 87
18 56 67
18 57 65
18 58 21
18 59 95
18 60 75
18 61 52
18 62 17
18 63 48
18 64 32
18 65 41
18 66 50
18 67 61
18 68 41
18 69 53
18 70 13
18 71 66
18 72 92
18 73 45
18 74 5
18 75 28
18 76 23
18 77 6
18 78 72
18 79 25
18 80 66
18 81 71
18 82 4
18 83 76
18 84 1
18 85 29
18 86 70
18 87 99
18 88 74
18 89 66
18 90 32
18 91 30
18 92 19
18 93 69
18 94 63
18 95 92
18 96 68
18 97 64
18 98 31
19 20 75
19 21 28
19 22 21
19 23 51
19 24 36
19 25 13
19 26 16
19 27 98
19 28 78
19 29 71
19 30 62
19 31 12
19 32 97
19 33 68
19 34 2
19 35 81
19 36 74
19 37 45
19 38 81
19 39 22
19 40 8
19 41 64
19 42 20
19 43 82
19 44 26
19 45 15
19 46 47
19 47 71
19 48 1
19 49 5
19 50 83
19 51 10
19 52 2
19 53 72
19 54 13
19 55 99
19 56 23
19 57 52
19 58 36
19 59 12
19 60 0
19 61 25
19 62 44
19 63 51
19 64 30
19 65 51
19 66 33
19 67 49
19 68 61
19 69 3
19 70 71
19 71 44
19 72 97
19 73 65
19 74 71
19 75 15
19 76 89
19 77 30
19 78 38
19 79 62
19 80 6
19 81 95
19 82 5
19 83 42
19 84 37
19 85 48
19 86 99
19 87 100
19 88 53
19 89 88
19 90 91
19 91 74
19 92 3
19 93 36
19 94 49
19 95 18
19 96 2
19 97 94
19 98 76
20 21 79
20 22 72
20 23 6
20 24 34
20 25 98
20 26 100
20 27 43
20 28 24
20 29 19
20 30 23
20 31 54
20 32 42
20 33 10
20 34 77
20 35 34
20 36 85
20 37 46
20 38 96
20 39 79
20 40 29
20 41 42
20 42 77
20 43 0
20 44 81
20 45 97
20 46 6
20 47 26
20 48 25
20 49 32
20 50 28
20 51 65
20 52 8
20 53 95
20 54 13
20 55 86
20 56 76
20 57 14
20 58 72
20 59 8
20 60 42
20 61 10
20 62 91
20 63 79
20 64 46
20 65 1
20 66 96
20 67 32
20 68 29
20 69 4
20 70 23
20 71 60
20 72 5
20 73 57
20 74 19
20 75 55
20 76 64
20 77 58
20 78 47
20 79 4
20 80 76
20 81 33
20 82 31
20 83 9
20 84 35
20 85 19
20 86 91
20 87 43
20 88 74
20 89 56
20 90 6
20 91 68
20 92 94
20 93 57
20 94 3
20 95 79
20 96 14
20 97 1
20 98 92
21 22 17
21 23 86
21 24 27
21 25 64
21 26 11
21 27 43
21 28 19
21 29 82
21 30 50
21 31 3
21 32 39
21 33 83
21 34 99
21 35 2
21 36 8
21 37 95
21 38 48
21 39 82
21 40 8
21 41 81
21 42 88
21 43 86
21 44 57
21 45 68
21 46 28
21 47 82
21 48 86
21 49 7
21 50 17
21 51 12
21 52 6
21 53 59
21 54 3
21 55 23
21 56 80
21 57 55
21 58 13
21 59 39
21 60 22
21 61 59
21 62 70
21 63 1
21 64 93
21 65 47
21 66 37
21 67 81
21 68 28
21 69 37
21 70 1
21 71 68
21 72 84
21 73 30
21 74 43
21 75 50
21 76 59
21 77 70
21 78 5
21 79 48
21 80 2
21 81 22
21 82 37
21 83 43
21 84 53
21 85 49
21 86 6
21 87 37
21 88 84
21 89 13
21 90 0
21 91 59
21 92 28
21 93 49
21 94 81
21 95 16
21 96 5
21 97 98
21 98 33
22 23 69
22 24 87
22 25 5
22 26 42
22 27 61
22 28 3
22 29 4
22 30 76
22 31 78
22 32 34
22 33 83
22 34 97
22 35 95
22 36 32
22 37 45
22 38 100
22 39 53
22 40 46
22 41 36
22 42 46
22 43 9
22 44 64
22 45 89
22 46 95
22 47 25
22 48 100
22 49 57
22 50 62
22 51 16
22 52 4
22 53 39
22 54 27
22 55 7
22 56 0
22 57 0
22 58 77
22 59 58
22 60 72
22 61 93
22 62 52
22 63 86
22 64 75
22 65 64
22 66 94
22 67 45
22 68 4
22 69 0
22 70 98
22 71 40
22 72 10
22 73 44
22 74 87
22 75 53
22 76 53
22 77 62
22 78 51
22 79 60
22 80 11
22 81 76
22 82 23
22 83 49
22 84 100
22 85 85
22 86 5
22 87 65
22 88 45
22 89 3
22 90 11
22 91 37
22 92 59
22 93 15
22 94 21
22 95 9
22 96 12
22 97 83
22 98 61
23 24 27
23 25 16
23 26 74
23 27 68
23 28 95
23 29 82
23 30 51
23 31 20
23 32 42
23 33 22
23 34 24
23 35 25
23 36 69
23 37 99
23 38 77
23 39 86
23 40 23
23 41 61
23 42 91
23 43 15
23 44 47
23 45 63
23 46 45
23 47 92
23 48 68
23 49 43
23 50 68
23 51 27
23 52 42
23 53 67
23 54 23
23 55 18
23 56 69
23 57 83
23 58 97
23 59 11
23 60 65
23 61 57
23 62 7
23 63 71
23 64 46
23 65 44
23 66 35
23 67 66
23 68 0
23 69 41
23 70 23
23 71 59
23 72 36
23 73 77
23 74 18
23 75 98
23 76 60
23 77 57
23 78 66
23 79 36
23 80 45
23 81 45
23 82 24
23 83 30
23 84 90
23 85 76
23 86 57
23 87 68
23 88 20
23 89 53
23 90 1
23 91 51
23 92 19
23 93 23
23 94 90
23 95 8
23 96 71
23 97 73
23 98 36
24 25 90
24 26 26
24 27 61
24 28 36
24 29 65
24 30 77
24 31 18
24 32 51
24 33 62
24 34 32
24 35 51
24 36 68
24 37 25
24 38 37
24 39 49
24 40 79
24 41 37
24 42 11
24 43 82
24 44 93
24 45 18
24 46 76
24 47 11
24 48 43
24 49 27
24 50 17
24 51 21
24 52 52
24 53 79
24 54 14
24 55 12
24 56 36
24 57 18
24 58 34
24 59 33
24 60 8
24 61 52
24 62 27
24 63 65
24 64 21
24 65 31
24 66 47
24 67 77
24 68 9
24 69 14
24 70 60
24 71 26
24 72 71
24 73 26
24 74 5
24 75 90
24 76 95
24 77 43
24 78 76
24 79 27
24 80 18
24 81 40
24 82 54
24 83 45
24 84 55
24 85 81
24 86 3
24 87 73
24 88 77
24 89 74
24 90 29
24 91 61
24 92 68
24 93 54
24 94 35
24 95 8
24 96 28
24 97 88
24 98 77
25 26 95
25 27 93
25 28 67
25 29 91
25 30 4
25 31 96
25 32 27
25 33 70
25 34 24
25 35 40
25 36 9
25 37 52
25 38 58
25 39 49
25 40 32
25 41 17
25 42 56
25 43 26
25 44 83
25 45 43
25 46 1
25 47 94
25 48 80
25 49 17
25 50 46
25 51 17
25 52 74
25 53 19
25 54 61
25 55 81
25 56 40
25 57 44
25 58 79
25 59 100
25 60 41
25 61 32
25 62 92
25 63 71
25 64 26
25 65 51
25 66 99
25 67 0
25 68 82
25 69 28
25 70 79
25 71 52
25 72 80
25 73 43
25 74 26
25 75 44
25 76 11
25 77 55
25 78 44
25 79 85
25 80 82
25 81 90
25 82 32
25 83 41
25 84 26
25 85 90
25 86 44
25 87 69
25 88 37
25 89 42
25 90 94
25 91 84
25 92 65
25 93 44
25 94 6
25 95 3
25 96 11
25 97 76
25 98 60
26 27 72
26 28 38
26 29 64
26 30 54
26 31 95
26 32 12
26 33 8
26 34 45
26 35 1
26 36 71
26 37 59
26 38 45
26 39 81
26 40 72
26 41 37
26 42 18
26 43 60
26 44 85
26 45 79
26 46 75
26 47 34
26 48 0
26 49 33
26 50 58
26 51 94
26 52 53
26 53 53
26 54 89
26 55 100
26 56 53
26 57 97
26 58 14
26 59 22
26 60 80
26 61 22
26 62 42
26 63 71
26 64 14
26 65 68
26 66 15
26 67 94
26 68 57
26 69 3
26 70 93
26 71 23
26 72 10
26 73 5
26 74 43
26 75 50
26 76 95
26 77 14
26 78 20
26 79 1
26 80 62
26 81 72
26 82 69
26 83 40
26 84 62
26 85 5
26 86 1
26 87 72
26 88 14
26 89 86
26 90 63
26 91 71
26 92 45
26 93 90
26 94 58
26 95 62
26 96 46
26 97 98
26 98 86
27 28 15
27 29 71
27 30 92
27 31 89
27 32 48
27 33 83
27 34 48
27 35 13
27 36 77
27 37 23
27 38 50
27 39 79
27 40 92
27 41 9
27 42 35
27 43 35
27 44 9
27 45 8
27 46 61
27 47 7
27 48 39
27 49 12
27 50 7
27 51 1
27 52 15
27 53 46
27 54 95
27 55 17
27 56 49
27 57 63
27 58 74
27 59 99
27 60 100
27 61 47
27 62 71
27 63 64
27 64 52
27 65 36
27 66 89
27 67 81
27 68 71
27 69 42
27 70 45
27 71 63
27 72 13
27 73 34
27 74 23
27 75 41
27 76 14
27 77 15
27 78 12
27 79 62
27 80 37
27 81 84
27 82 71
27 83 78
27 84 38
27 85 36
27 86 27
27 87 68
27 88 11
27 89 24
27 90 46
27 91 71
27 92 54
27 93 66
27 94 27
27 95 67
27 96 75
27 97 7
27 98 75
28 29 26
28 30 79
28 31 100
28 32 8
28 33 61
28 34 89
28 35 82
28 36 99
28 37 33
28 38 21
28 39 83
28 40 24
28 41 63
28 42 23
28 43 88
28 44 27
28 45 24
28 46 21
28 47 31
28 48 35
28 49 82
28 50 77
28 51 50
28 52 9
28 53 0
28 54 51
28 55 33
28 56 73
28 57 5
28 58 98
28 59 33
28 60 90
28 61 89
28 62 87
28 63 65
28 64 1
28 65 90
28 66 70
28 67 97
28 68 11
28 69 43
28 70 8
28 71 17
28 72 50
28 73 90
28 74 93
28 75 94
28 76 4
28 77 61
28 78 80
28 79 49
28 80 47
28 81 32
28 82 78
28 83 85
28 84 17
28 85 30
28 86 50
28 87 94
28 88 89
28 89 12
28 90 65
28 91 85
28 92 56
28 93 19
28 94 42
28 95 39
28 96 75
28 97 27
28 98 52
29 30 22
29 31 98
29 32 2
29 33 68
29 34 98
29 35 28
29 36 64
29 37 74
29 38 52
29 39 52
29 40 17
29 41 77
29 42 38
29 43 73
29 44 68
29 45 70
29 46 72
29 47 6
29 48 85
29 49 52
29 50 15
29 51 1
29 52 94
29 53 67
29 54 91
29 55 66
29 56 73
29 57 80
29 58 22
29 59 18
29 60 61
29 61 0
29 62 91
29 63 4
29 64 79
29 65 7
29 66 29
29 67 82
29 68 35
29 69 65
29 70 21
29 71 72
29 72 74
29 73 71
29 74 56
29 75 41
29 76 5
29 77 43
29 78 100
29 79 7
29 80 62
29 81 79
29 82 18
29 83 84
29 84 44
29 85 21
29 86 85
29 87 56
29 88 1
29 89 51
29 90 50
29 91 70
29 92 50
29 93 73
29 94 75
29 95 61
29 96 80
29 97 31
29 98 25
30 31 59
30 32 28
30 33 76
30 34 13
30 35 5
30 36 85
30 37 91
30 38 62
30 39 71
30 40 49
30 41 24
30 42 20
30 43 24
30 44 42
30 45 51
30 46 35
30 47 23
30 48 29
30 49 59
30 50 85
30 51 86
30 52 70
30 53 31
30 54 59
30 55 41
30 56 47
30 57 59
30 58 72
30 59 87
30 60 58
30 61 61
30 62 24
30 63 21
30 64 62
30 65 2
30 66 32
30 67 13
30 68 75
30 69 10
30 70 63
30 71 34
30 72 1
30 73 5
30 74 67
30 75 73
30 76 6
30 77 51
30 78 36
30 79 93
30 80 83
30 81 43
30 82 82
30 83 78
30 84 31
30 85 23
30 86 70
30 87 67
30 88 21
30 89 91
30 90 46
30 91 92
30 92 100
30 93 81
30 94 47
30 95 1
30 96 40
30 97 37
30 98 9
31 32 33
31 33 38
31 34 27
31 35 49
31 36 85
31 37 45
31 38 100
31 39 24
31 40 48
31 41 83
31 42 26
31 43 50
31 44 67
31 45 46
31 46 39
31 47 10
31 48 0
31 49 99
31 50 20
31 51 73
31 52 76
31 53 96
31 54 50
31 55 88
31 56 13
31 57 67
31 58 84
31 59 32
31 60 76
31 61 18
31 62 44
31 63 84
31 64 18
31 65 96
31 66 3
31 67 49
31 68 40
31 69 74
31 70 67
31 71 33
31 72 22
31 73 55
31 74 23
31 75 16
31 76 4
31 77 30
31 78 78
31 79 43
31 80 12
31 81 63
31 82 27
31 83 10
31 84 22
31 85 58
31 86 15
31 87 11
31 88 39
31 89 2
31 90 19
31 91 37
31 92 79
31 93 46
31 94 70
31 95 54
31 96 31
31 97 81
31 98 9
32 33 5
32 34 1
32 35 7
32 36 96
32 37 24
32 38 4
32 39 88
32 40 93
32 41 6
32 42 64
32 43 14
32 44 75
32 45 21
32 46 42
32 47 86
32 48 91
32 49 71
32 50 71
32 51 94
32 52 83
32 53 20
32 54 27
32 55 58
32 56 37
32 57 74
32 58 19
32 59 0
32 60 83
32 61 72
32 62 99
32 63 76
32 64 20
32 65 65
32 66 41
32 67 75
32 68 87
32 69 87
32 70 10
32 71 23
32 72 50
32 73 64
32 74 13
32 75 12
32 76 84
32 77 57
32 78 22
32 79 63
32 80 100
32 81 21
32 82 71
32 83 71
32 84 17
32 85 15
32 86 29
32 87 97
32 88 47
32 89 79
32 90 2
32 91 47
32 92 62
32 93 97
32 94 13
32 95 84
32 96 45
32 97 38
32 98 38
33 34 24
33 35 63
33 36 93
33 37 84
33 38 23
33 39 45
33 40 87
33 41 5
33 42 0
33 43 11
33 44 95
33 45 70
33 46 82
33 47 62
33 48 43
33 49 43
33 50 61
33 51 87
33 52 64
33 53 2
33 54 85
33 55 7
33 56 66
33 57 49
33 58 80
33 59 40
33 60 50
33 61 4
33 62 19
33 63 48
33 64 94
33 65 59
33 66 40
33 67 11
33 68 48
33 69 73
33 70 34
33 71 32
33 72 70
33 73 42
33 74 65
33 75 51
33 76 74
33 77 71
33 78 35
33 79 8
33 80 8
33 81 1
33 82 18
33 83 35
33 84 71
33 85 46
33 86 19
33 87 72
33 88 46
33 89 77
33 90 52
33 91 100
33 92 58
33 93 18
33 94 94
33 95 4
33 96 85
33 97 30
33 98 40
34 35 30
34 36 21
34 37 51
34 38 91
34 39 64
34 40 5
34 41 48
34 42 69
34 43 14
34 44 32
34 45 51
34 46 4
34 47 25
34 48 22
34 49 52
34 50 66
34 51 76
34 52 14
34 53 23
34 54 31
34 55 43
34 56 55
34 57 52
34 58 80
34 59 4
34 60 59
34 61 98
34 62 6
34 63 81
34 64 80
34 65 99
34 66 37
34 67 58
34 68 48
34 69 13
34 70 59
34 71 4
34 72 68
34 73 51
34 74 14
34 75 53
34 76 57
34 77 9
34 78 16
34 79 73
34 80 91
34 81 14
34 82 46
34 83 44
34 84 8
34 85 12
34 86 31
34 87 10
34 88 44
34 89 19
34 90 70
34 91 55
34 92 83
34 93 88
34 94 20
34 95 77
34 96 42
34 97 52
34 98 98
35 36 35
35 37 64
35 38 20
35 39 1
35 40 85
35 41 55
35 42 36
35 43 14
35 44 23
35 45 45
35 46 80
35 47 37
35 48 89
35 49 29
35 50 53
35 51 82
35 52 44
35 53 58
35 54 82
35 55 35
35 56 15
35 57 12
35 58 35
35 59 19
35 60 21
35 61 36
35 62 20
35 63 38
35 64 40
35 65 66
35 66 37
35 67 34
35 68 89
35 69 24
35 70 4
35 71 46
35 72 87
35 73 55
35 74 19
35 75 57
35 76 56
35 77 34
35 78 58
35 79 45
35 80 80
35 81 48
35 82 75
35 83 22
35 84 74
35 85 89
35 86 28
35 87 46
35 88 31
35 89 90
35 90 3
35 91 31
35 92 19
35 93 56
35 94 77
35 95 92
35 96 33
35 97 30
35 98 39
36 37 75
36 38 39
36 39 60
36 40 58
36 41 38
36 42 74
36 43 100
36 44 81
36 45 55
36 46 100
36 47 0
36 48 15
36 49 36
36 50 62
36 51 94
36 52 18
36 53 42
36 54 0
36 55 45
36 56 75
36 57 42
36 58 4
36 59 82
36 60 25
36 61 7
36 62 96
36 63 31
36 64 35
36 65 74
36 66 18
36 67 19
36 68 74
36 69 36
36 70 70
36 71 92
36 72 54
36 73 94
36 74 79
36 75 28
36 76 28
36 77 76
36 78 75
36 79 57
36 80 55
36 81 9
36 82 74
36 83 56
36 84 39
36 85 34
36 86 6
36 87 60
36 88 34
36 89 2
36 90 60
36 91 27
36 92 16
36 93 84
36 94 84
36 95 44
36 96 22
36 97 33
36 98 2
37 38 92
37 39 80
37 40 10
37 41 30
37 42 60
37 43 93
37 44 52
37 45 3
37 46 67
37 47 22
37 48 89
37 49 49
37 50 30
37 51 48
37 52 84
37 53 28
37 54 37
37 55 16
37 56 68
37 57 73
37 58 98
37 59 12
37 60 89
37 61 56
37 62 9
37 63 52
37 64 95
37 65 15
37 66 72
37 67 43
37 68 8
37 69 84
37 70 36
37 71 34
37 72 86
37 73 8
37 74 89
37 75 13
37 76 93
37 77 29
37 78 32
37 79 50
37 80 94
37 81 53
37 82 60
37 83 61
37 84 75
37 85 54
37 86 61
37 87 33
37 88 94
37 89 88
37 90 96
37 91 85
37 92 30
37 93 29
37 94 42
37 95 53
37 96 74
37 97 14
37 98 39
38 39 14
38 40 26
38 41 8
38 42 40
38 43 86
38 44 79
38 45 96
38 46 17
38 47 18
38 48 30
38 49 76
38 50 9
38 51 15
38 52 41
38 53 74
38 54 80
38 55 74
38 56 21
38 57 90
38 58 18
38 59 8
38 60 24
38 61 58
38 62 5
38 63 97
38 64 54
38 65 99
38 66 21
38 67 32
38 68 9
38 69 6
38 70 93
38 71 28
38 72 6
38 73 41
38 74 21
38 75 79
38 76 41
38 77 34
38 78 43
38 79 38
38 80 43
38 81 17
38 82 65
38 83 86
38 84 24
38 85 26
38 86 59
38 87 25
38 88 65
38 89 29
38 90 94
38 91 55
38 92 97
38 93 15
38 94 43
38 95 79
38 96 92
38 97 53
38 98 96
39 40 47
39 41 46
39 42 51
39 43 11
39 44 91
39 45 59
39 46 49
39 47 36
39 48 11
39 49 44
39 50 55
39 51 64
39 52 61
39 53 70
39 54 33
39 55 25
39 56 82
39 57 61
39 58 53
39 59 41
39 60 70
39 61 74
39 62 37
39 63 4
39 64 43
39 65 74
39 66 56
39 67 37
39 68 79
39 69 70
39 70 58
39 71 72
39 72 88
39 73 15
39 74 43
39 75 49
39 76 60
39 77 12
39 78 25
39 79 8
39 80 63
39 81 35
39 82 3
39 83 64
39 84 76
39 85 59
39 86 51
39 87 89
39 88 22
39 89 71
39 90 70
39 91 80
39 92 56
39 93 95
39 94 35
39 95 62
39 96 66
39 97 1
39 98 87
40 41 48
40 42 29
40 43 83
40 44 86
40 45 4
40 46 54
40 47 13
40 48 66
40 49 94
40 50 62
40 51 40
40 52 40
40 53 65
40 54 96
40 55 34
40 56 57
40 57 78
40 58 55
40 59 13
40 60 45
40 61 87
40 62 0
40 63 30
40 64 36
40 65 26
40 66 68
40 67 63
40 68 98
40 69 82
40 70 93
40 71 28
40 72 42
40 73 64
40 74 6
40 75 3
40 76 71
40 77 14
40 78 97
40 79 22
40 80 91
40 81 11
40 82 82
40 83 94
40 84 53
40 85 21
40 86 66
40 87 50
40 88 49
40 89 13
40 90 10
40 91 37
40 92 28
40 93 70
40 94 60
40 95 32
40 96 97
40 97 23
40 98 81
41 42 95
41 43 34
41 44 31
41 45 98
41 46 15
41 47 49
41 48 51
41 49 27
41 50 2
41 51 50
41 52 65
41 53 5
41 54 95
41 55 43
41 56 33
41 57 22
41 58 3
41 59 50
41 60 28
41 61 60
41 62 15
41 63 37
41 64 53
41 65 83
41 66 96
41 67 90
41 68 12
41 69 45
41 70 61
41 71 77
41 72 20
41 73 29
41 74 58
41 75 97
41 76 62
41 77 11
41 78 28
41 79 30
41 80 10
41 81 20
41 82 92
41 83 22
41 84 91
41 85 94
41 86 8
41 87 66
41 88 35
41 89 87
41 90 65
41 91 92
41 92 4
41 93 0
41 94 88
41 95 26
41 96 91
41 97 46
41 98 28
42 43 68
42 44 26
42 45 11
42 46 4
42 47 99
42 48 14
42 49 51
42 50 72
42 51 70
42 52 84
42 53 25
42 54 18
42 55 83
42 56 80
42 57 90
42 58 13
42 59 48
42 60 79
42 61 21
42 62 19
42 63 51
42 64 95
42 65 42
42 66 9
42 67 64
42 68 82
42 69 49
42 70 58
42 71 89
42 72 83
42 73 37
42 74 88
42 75 50
42 76 84
42 77 57
42 78 86
42 79 47
42 80 40
42 81 48
42 82 32
42 83 28
42 84 6
42 85 31
42 86 6
42 87 87
42 88 7
42 89 91
42 90 28
42 91 32
42 92 73
42 93 48
42 94 76
42 95 50
42 96 1
42 97 10
42 98 83
43 44 16
43 45 70
43 46 53
43 47 39
43 48 70
43 49 55
43 50 12
43 51 43
43 52 39
43 53 22
43 54 46
43 55 27
43 56 28
43 57 68
43 58 11
43 59 100
43 60 33
43 61 27
43 62 48
43 63 52
43 64 19
43 65 46
43 66 56
43 67 91
43 68 39
43 69 27
43 70 4
43 71 93
43 72 96
43 73 18
43 74 26
43 75 35
43 76 1
43 77 37
43 78 61
43 79 24
43 80 55
43 81 95
43 82 34
43 83 4
43 84 86
43 85 59
43 86 23
43 87 87
43 88 52
43 89 94
43 90 50
43 91 58
43 92 43
43 93 47
43 94 55
43 95 73
43 96 83
43 97 77
43 98 93
44 45 63
44 46 95
44 47 44
44 48 90
44 49 11
44 50 82
44 51 94
44 52 63
44 53 94
44 54 85
44 55 39
44 56 46
44 57 19
44 58 41
44 59 61
44 60 11
44 61 34
44 62 90
44 63 66
44 64 97
44 65 51
44 66 20
44 67 31
44 68 51
44 69 99
44 70 29
44 71 18
44 72 43
44 73 91
44 74 79
44 75 12
44 76 37
44 77 57
44 78 16
44 79 46
44 80 45
44 81 31
44 82 48
44 83 81
44 84 17
44 85 14
44 86 47
44 87 86
44 88 22
44 89 5
44 90 8
44 91 59
44 92 68
44 93 51
44 94 42
44 95 78
44 96 11
44 97 88
44 98 89
45 46 61
45 47 22
45 48 46
45 49 3
45 50 75
45 51 0
45 52 70
45 53 88
45 54 56
45 55 72
45 56 74
45 57 50
45 58 89
45 59 32
45 60 66
45 61 52
45 62 10
45 63 100
45 64 99
45 65 46
45 66 23
45 67 96
45 68 7
45 69 96
45 70 42
45 71 80
45 72 13
45 73 49
45 74 20
45 75 61
45 76 97
45 77 34
45 78 13
45 79 44
45 80 19
45 81 26
45 82 76
45 83 88
45 84 11
45 85 56
45 86 96
45 87 21
45 88 100
45 89 58
45 90 57
45 91 17
45 92 87
45 93 89
45 94 24
45 95 94
45 96 26
45 97 91
45 98 5
46 47 93
46 48 74
46 49 47
46 50 39
46 51 7
46 52 100
46 53 72
46 54 94
46 55 22
46 56 21
46 57 94
46 58 19
46 59 52
46 60 29
46 61 44
46 62 75
46 63 72
46 64 90
46 65 80
46 66 70
46 67 53
46 68 21
46 69 11
46 70 1
46 71 55
46 72 1
46 73 81
46 74 32
46 75 90
46 76 52
46 77 54
46 78 54
46 79 92
46 80 98
46 81 33
46 82 96
46 83 56
46 84 46
46 85 12
46 86 31
46 87 51
46 88 50
46 89 31
46 90 13
46 91 17
46 92 78
46 93 5
46 94 87
46 95 26
46 96 11
46 97 20
46 98 52
47 48 38
47 49 17
47 50 86
47 51 21
47 52 81
47 53 4
47 54 61
47 55 68
47 56 45
47 57 16
47 58 14
47 59 48
47 60 84
47 61 65
47 62 84
47 63 51
47 64 94
47 65 10
47 66 58
47 67 29
47 68 77
47 69 84
47 70 39
47 71 38
47 72 0
47 73 4
47 74 77
47 75 13
47 76 23
47 77 25
47 78 73
47 79 41
47 80 2
47 81 63
47 82 77
47 83 58
47 84 24
47 85 95
47 86 18
47 87 95
47 88 52
47 89 12
47 90 38
47 91 80
47 92 90
47 93 98
47 94 80
47 95 71
47 96 74
47 97 100
47 98 70
48 49 71
48 50 36
48 51 53
48 52 20
48 53 18
48 54 31
48 55 36
48 56 61
48 57 26
48 58 98
48 59 80
48 60 36
48 61 33
48 62 74
48 63 39
48 64 50
48 65 35
48 66 88
48 67 43
48 68 77
48 69 85
48 70 29
48 71 98
48 72 54
48 73 86
48 74 18
48 75 92
48 76 60
48 77 5
48 78 39
48 79 55
48 80 64
48 81 95
48 82 85
48 83 26
48 84 78
48 85 17
48 86 85
48 87 78
48 88 58
48 89 48
48 90 77
48 91 85
48 92 63
48 93 63
48 94 83
48 95 65
48 96 35
48 97 51
48 98 29
49 50 72
49 51 21
49 52 2
49 53 84
49 54 69
49 55 15
49 56 14
49 57 73
49 58 7
49 59 78
49 60 37
49 61 94
49 62 98
49 63 21
49 64 78
49 65 85
49 66 67
49 67 24
49 68 89
49 69 86
49 70 55
49 71 94
49 72 76
49 73 32
49 74 97
49 75 84
49 76 70
49 77 94
49 78 27
49 79 89
49 80 21
49 81 83
49 82 89
49 83 54
49 84 9
49 85 3
49 86 32
49 87 55
49 88 78
49 89 10
49 90 23
49 91 43
49 92 6
49 93 79
49 94 37
49 95 74
49 96 74
49 97 99
49 98 33
50 51 92
50 52 4
50 53 4
50 54 30
50 55 75
50 56 22
50 57 8
50 58 31
50 59 47
50 60 18
50 61 90
50 62 96
50 63 12
50 64 73
50 65 95
50 66 40
50 67 53
50 68 50
50 69 79
50 70 29
50 71 100
50 72 80
50 73 56
50 74 66
50 75 46
50 76 75
50 77 27
50 78 73
50 79 90
50 80 37
50 81 79
50 82 17
50 83 99
50 84 57
50 85 75
50 86 0
50 87 60
50 88 89
50 89 77
50 90 28
50 91 81
50 92 26
50 93 87
50 94 5
50 95 43
50 96 86
50 97 51
50 98 87
51 52 15
51 53 8
51 54 4
51 55 37
51 56 61
51 57 16
51 58 31
51 59 79
51 60 42
51 61 12
51 62 22
51 63 64
51 64 56
51 65 7
51 66 92
51 67 46
51 68 100
51 69 11
51 70 21
51 71 31
51 72 78
51 73 41
51 74 27
51 75 12
51 76 41
51 77 25
51 78 95
51 79 35
51 80 76
51 81 79
51 82 28
51 83 66
51 84 40
51 85 42
51 86 25
51 87 49
51 88 22
51 89 78
51 90 52
51 91 86
51 92 34
51 93 9
51 94 75
51 95 96
51 96 93
51 97 94
51 98 56
52 53 64
52 54 6
52 55 69
52 56 53
52 57 44
52 58 7
52 59 20
52 60 46
52 61 4
52 62 15
52 63 33
52 64 89
52 65 81
52 66 100
52 67 29
52 68 85
52 69 61
52 70 38
52 71 89
52 72 5
52 73 5
52 74 39
52 75 1
52 76 75
52 77 7
52 78 81
52 79 49
52 80 53
52 81 39
52 82 23
52 83 44
52 84 90
52 85 22
52 86 84
52 87 65
52 88 31
52 89 58
52 90 56
52 91 65
52 92 90
52 93 24
52 94 12
52 95 62
52 96 67
52 97 37
52 98 39
53 54 24
53 55 27
53 56 2
53 57 19
53 58 82
53 59 8
53 60 28
53 61 25
53 62 81
53 63 78
53 64 75
53 65 55
53 66 48
53 67 42
53 68 23
53 69 96
53 70 89
53 71 10
53 72 10
53 73 96
53 74 47
53 75 92
53 76 90
53 77 82
53 78 82
53 79 38
53 80 68
53 81 38
53 82 63
53 83 11
53 84 80
53 85 91
53 86 2
53 87 67
53 88 76
53 89 43
53 90 56
53 91 1
53 92 29
53 93 67
53 94 49
53 95 4
53 96 73
53 97 39
53 98 23
54 55 36
54 56 97
54 57 89
54 58 73
54 59 25
54 60 30
54 61 3
54 62 50
54 63 6
54 64 28
54 65 55
54 66 99
54 67 56
54 68 32
54 69 4
54 70 70
54 71 62
54 72 13
54 73 33
54 74 93
54 75 11
54 76 7
54 77 20
54 78 1
54 79 38
54 80 60
54 81 58
54 82 10
54 83 40
54 84 17
54 85 14
54 86 76
54 87 87
54 88 7
54 89 60
54 90 4
54 91 82
54 92 98
54 93 87
54 94 55
54 95 2
54 96 41
54 97 48
54 98 62
55 56 36
55 57 42
55 58 48
55 59 59
55 60 21
55 61 77
55 62 33
55 63 12
55 64 97
55 65 4
55 66 32
55 67 44
55 68 27
55 69 10
55 70 90
55 71 90
55 72 35
55 73 75
55 74 67
55 75 32
55 76 70
55 77 15
55 78 64
55 79 73
55 80 69
55 81 92
55 82 40
55 83 72
55 84 3
55 85 44
55 86 43
55 87 43
55 88 78
55 89 33
55 90 36
55 91 33
55 92 58
55 93 91
55 94 32
55 95 71
55 96 100
55 97 6
55 98 93
56 57 17
56 58 57
56 59 86
56 60 47
56 61 23
56 62 67
56 63 49
56 64 7
56 65 74
56 66 35
56 67 81
56 68 64
56 69 24
56 70 10
56 71 11
56 72 62
56 73 13
56 74 50
56 75 85
56 76 94
56 77 32
56 78 100
56 79 32
56 80 51
56 81 7
56 82 49
56 83 87
56 84 51
56 85 53
56 86 48
56 87 69
56 88 55
56 89 72
56 90 78
56 91 51
56 92 97
56 93 76
56 94 64
56 95 100
56 96 89
56 97 5
56 98 14
57 58 73
57 59 70
57 60 96
57 61 12
57 62 48
57 63 5
57 64 75
57 65 54
57 66 55
57 67 77
57 68 79
57 69 14
57 70 66
57 71 14
57 72 44
57 73 87
57 74 34
57 75 66
57 76 94
57 77 51
57 78 70
57 79 87
57 80 0
57 81 47
57 82 58
57 83 3
57 84 35
57 85 18
57 86 9
57 87 80
57 88 12
57 89 34
57 90 19
57 91 29
57 92 61
57 93 82
57 94 7
57 95 13
57 96 45
57 97 52
57 98 22
58 59 71
58 60 25
58 61 63
58 62 4
58 63 16
58 64 29
58 65 50
58 66 2
58 67 5
58 68 30
58 69 28
58 70 18
58 71 1
58 72 59
58 73 52
58 74 25
58 75 39
58 76 97
58 77 81
58 78 2
58 79 40
58 80 34
58 81 80
58 82 21
58 83 35
58 84 86
58 85 96
58 86 3
58 87 18
58 88 16
58 89 73
58 90 92
58 91 75
58 92 7
58 93 23
58 94 84
58 95 8
58 96 21
58 97 38
58 98 85
59 60 41
59 61 52
59 62 1
59 63 36
59 64 38
59 65 99
59 66 35
59 67 44
59 68 31
59 69 100
59 70 73
59 71 75
59 72 53
59 73 95
59 74 44
59 75 8
59 76 76
59 77 3
59 78 57
59 79 54
59 80 60
59 81 71
59 82 28
59 83 51
59 84 96
59 85 99
59 86 17
59 87 33
59 88 80
59 89 98
59 90 32
59 91 12
59 92 4
59 93 3
59 94 62
59 95 67
59 96 40
59 97 87
59 98 40
60 61 95
60 62 19
60 63 37
60 64 2
60 65 75
60 66 37
60 67 34
60 68 87
60 69 35
60 70 44
60 71 47
60 72 10
60 73 52
60 74 96
60 75 56
60 76 39
60 77 31
60 78 42
60 79 96
60 80 36
60 81 84
60 82 28
60 83 93
60 84 75
60 85 100
60 86 24
60 87 55
60 88 80
60 89 35
60 90 14
60 91 28
60 92 94
60 93 52
60 94 81
60 95 88
60 96 43
60 97 41
60 98 6
61 62 98
61 63 87
61 64 94
61 65 58
61 66 91
61 67 34
61 68 15
61 69 5
61 70 65
61 71 73
61 72 38
61 73 54
61 74 12
61 75 51
61 76 19
61 77 56
61 78 65
61 79 42
61 80 57
61 81 66
61 82 3
61 83 98
61 84 95
61 85 45
61 86 6
61 87 7
61 88 87
61 89 87
61 90 79
61 91 5
61 92 18
61 93 66
61 94 65
61 95 33
61 96 28
61 97 83
61 98 51
62 63 25
62 64 25
62 65 78
62 66 30
62 67 5
62 68 81
62 69 7
62 70 83
62 71 83
62 72 42
62 73 28
62 74 95
62 75 1
62 76 36
62 77 84
62 78 64
62 79 20
62 80 18
62 81 35
62 82 8
62 83 82
62 84 33
62 85 17
62 86 61
62 87 42
62 88 23
62 89 28
62 90 69
62 91 76
62 92 28
62 93 99
62 94 44
62 95 89
62 96 8
62 97 71
62 98 63
63 64 65
63 65 35
63 66 50
63 67 47
63 68 44
63 69 34
63 70 87
63 71 83
63 72 9
63 73 85
63 74 59
63 75 52
63 76 31
63 77 93
63 78 25
63 79 94
63 80 98
63 81 41
63 82 15
63 83 76
63 84 82
63 85 92
63 86 39
63 87 91
63 88 32
63 89 99
63 90 34
63 91 19
63 92 48
63 93 81
63 94 87
63 95 67
63 96 70
63 97 83
63 98 73
64 65 21
64 66 54
64 67 55
64 68 74
64 69 19
64 70 11
64 71 29
64 72 46
64 73 32
64 74 52
64 75 59
64 76 49
64 77 50
64 78 42
64 79 60
64 80 48
64 81 61
64 82 45
64 83 69
64 84 2
64 85 94
64 86 6
64 87 54
64 88 38
64 89 68
64 90 18
64 91 78
64 92 70
64 93 28
64 94 56
64 95 83
64 96 71
64 97 98
64 98 86
65 66 50
65 67 50
65 68 92
65 69 75
65 70 58
65 71 27
65 72 30
65 73 40
65 74 47
65 75 55
65 76 1
65 77 60
65 78 93
65 79 79
65 80 80
65 81 76
65 82 56
65 83 15
65 84 65
65 85 5
65 86 14
65 87 90
65 88 4
65 89 27
65 90 10
65 91 65
65 92 33
65 93 90
65 94 23
65 95 18
65 96 90
65 97 53
65 98 84
66 67 26
66 68 3
66 69 34
66 70 53
66 71 71
66 72 94
66 73 3
66 74 75
66 75 98
66 76 98
66 77 97
66 78 31
66 79 74
66 80 84
66 81 10
66 82 15
66 83 44
66 84 17
66 85 48
66 86 39
66 87 98
66 88 59
66 89 62
66 90 59
66 91 8
66 92 65
66 93 41
66 94 36
66 95 19
66 96 37
66 97 42
66 98 36
67 68 5
67 69 40
67 70 66
67 71 13
67 72 8
67 73 88
67 74 17
67 75 66
67 76 96
67 77 40
67 78 11
67 79 70
67 80 49
67 81 41
67 82 77
67 83 7
67 84 27
67 85 29
67 86 94
67 87 69
67 88 75
67 89 97
67 90 92
67 91 1
67 92 18
67 93 9
67 94 47
67 95 73
67 96 84
67 97 45
67 98 97
68 69 88
68 70 89
68 71 29
68 72 71
68 73 42
68 74 96
68 75 87
68 76 14
68 77 46
68 78 68
68 79 88
68 80 27
68 81 76
68 82 74
68 83 8
68 84 61
68 85 98
68 86 11
68 87 97
68 88 71
68 89 56
68 90 69
68 91 23
68 92 61
68 93 82
68 94 60
68 95 20
68 96 89
68 97 31
68 98 87
69 70 15
69 71 48
69 72 72
69 73 18
69 74 69
69 75 63
69 76 38
69 77 88
69 78 47
69 79 36
69 80 16
69 81 11
69 82 80
69 83 28
69 84 77
69 85 48
69 86 86
69 87 89
69 88 95
69 89 82
69 90 75
69 91 12
69 92 61
69 93 36
69 94 75
69 95 54
69 96 44
69 97 19
69 98 30
70 71 34
70 72 22
70 73 63
70 74 4
70 75 62
70 76 35
70 77 17
70 78 30
70 79 41
70 80 13
70 81 34
70 82 8
70 83 55
70 84 68
70 85 51
70 86 53
70 87 62
70 88 7
70 89 51
70 90 98
70 91 100
70 92 13
70 93 5
70 94 69
70 95 24
70 96 4
70 97 64
70 98 47
71 72 77
71 73 98
71 74 87
71 75 3
71 76 71
71 77 49
71 78 1
71 79 6
71 80 88
71 81 43
71 82 7
71 83 6
71 84 58
71 85 36
71 86 83
71 87 5
71 88 91
71 89 68
71 90 50
71 91 6
71 92 33
71 93 6
71 94 52
71 95 11
71 96 38
71 97 40
71 98 30
72 73 100
72 74 42
72 75 8
72 76 16
72 77 97
72 78 7
72 79 67
72 80 75
72 81 38
72 82 58
72 83 11
72 84 92
72 85 35
72 86 100
72 87 94
72 88 100
72 89 11
72 90 55
72 91 23
72 92 31
72 93 85
72 94 83
72 95 43
72 96 75
72 97 1
72 98 9
73 74 82
73 75 80
73 76 18
73 77 49
73 78 52
73 79 97
73 80 11
73 81 53
73 82 16
73 83 33
73 84 66
73 85 74
73 86 0
73 87 82
73 88 72
73 89 39
73 90 79
73 91 23
73 92 91
73 93 57
73 94 36
73 95 30
73 96 81
73 97 6
73 98 42
74 75 50
74 76 45
74 77 40
74 78 15
74 79 34
74 80 79
74 81 82
74 82 99
74 83 26
74 84 70
74 85 17
74 86 44
74 87 27
74 88 89
74 89 4
74 90 2
74 91 50
74 92 73
74 93 15
74 94 85
74 95 21
74 96 81
74 97 66
74 98 37
75 76 66
75 77 36
75 78 75
75 79 20
75 80 10
75 81 21
75 82 2
75 83 3
75 84 91
75 85 28
75 86 82
75 87 9
75 88 64
75 89 86
75 90 26
75 91 74
75 92 19
75 93 56
75 94 9
75 95 85
75 96 13
75 97 55
75 98 72
76 77 2
76 78 55
76 79 78
76 80 26
76 81 42
76 82 95
76 83 7
76 84 23
76 85 42
76 86 88
76 87 9
76 88 12
76 89 81
76 90 94
76 91 35
76 92 83
76 93 41
76 94 11
76 95 75
76 96 80
76 97 44
76 98 19
77 78 27
77 79 76
77 80 16
77 81 61
77 82 68
77 83 67
77 84 16
77 85 41
77 86 45
77 87 70
77 88 87
77 89 17
77 90 8
77 91 26
77 92 14
77 93 16
77 94 75
77 95 80
77 96 23
77 97 11
77 98 66
78 79 81
78 80 71
78 81 74
78 82 6
78 83 23
78 84 13
78 85 60
78 86 90
78 87 0
78 88 53
78 89 64
78 90 91
78 91 72
78 92 48
78 93 30
78 94 59
78 95 79
78 96 85
78 97 7
78 98 43
79 80 63
79 81 39
79 82 27
79 83 59
79 84 6
79 85 7
79 86 48
79 87 53
79 88 13
79 89 95
79 90 4
79 91 34
79 92 4
79 93 43
79 94 65
79 95 44
79 96 95
79 97 93
79 98 15
80 81 58
80 82 26
80 83 70
80 84 15
80 85 25
80 86 38
80 87 34
80 88 55
80 89 91
80 90 86
80 91 12
80 92 5
80 93 61
80 94 11
80 95 24
80 96 90
80 97 33
80 98 83
81 82 88
81 83 8
81 84 33
81 85 69
81 86 94
81 87 64
81 88 26
81 89 9
81 90 12
81 91 25
81 92 41
81 93 22
81 94 82
81 95 47
81 96 97
81 97 52
81 98 67
82 83 72
82 84 14
82 85 8
82 86 48
82 87 28
82 88 48
82 89 83
82 90 79
82 91 16
82 92 6
82 93 49
82 94 83
82 95 46
82 96 69
82 97 11
82 98 42
83 84 92
83 85 10
83 86 12
83 87 44
83 88 12
83 89 86
83 90 92
83 91 48
83 92 79
83 93 52
83 94 66
83 95 32
83 96 62
83 97 53
83 98 70
84 85 46
84 86 41
84 87 4
84 88 28
84 89 48
84 90 50
84 91 5
84 92 26
84 93 73
84 94 74
84 95 29
84 96 28
84 97 37
84 98 45
85 86 57
85 87 87
85 88 100
85 89 7
85 90 31
85 91 61
85 92 79
85 93 54
85 94 16
85 95 85
85 96 83
85 97 24
85 98 78
86 87 90
86 88 6
86 89 58
86 90 2
86 91 11
86 92 73
86 93 75
86 94 50
86 95 30
86 96 91
86 97 96
86 98 57
87 88 33
87 89 19
87 90 2
87 91 55
87 92 60
87 93 70
87 94 78
87 95 57
87 96 78
87 97 31
87 98 11
88 89 35
88 90 90
88 91 43
88 92 74
88 93 88
88 94 24
88 95 56
88 96 63
88 97 47
88 98 29
89 90 70
89 91 82
89 92 60
89 93 50
89 94 69
89 95 62
89 96 56
89 97 63
89 98 46
90 91 80
90 92 92
90 93 43
90 94 8
90 95 68
90 96 89
90 97 86
90 98 23
91 92 71
91 93 79
91 94 30
91 95 6
91 96 33
91 97 7
91 98 5
92 93 100
92 94 63
92 95 43
92 96 73
92 97 20
92 98 12
93 94 85
93 95 7
93 96 89
93 97 78
93 98 73
94 95 87
94 96 11
94 97 99
94 98 4
95 96 51
95 97 90
95 98 26
96 97 72
96 98 75
97 98 75
